4.18661715168
4.18510306107
4.18056487908
4.17301485344
4.16247332491
4.14896861968
4.13253690003
4.11322197451
4.09107506927
4.06615456227
4.03852568289
4.00826017906
3.97543595491
3.9401366816
3.90245138461
3.86247401056
3.82030297697
3.77604070827
3.7297931615
3.68166934515
3.63178083438
3.58024128603
3.52716595658
3.47267122606
3.41687413086
3.35989190821
3.30184155475
3.24283940155
3.18300070778
3.12243927462
3.06126708133
2.99959394457
2.93752720225
2.87517142274
2.81262814001
2.74999561517
2.68736862456
2.6248382743
2.56249184119
2.50041263932
2.43867991207
2.3773687485
2.31655002342
2.25629036006
2.19665211426
2.13769337893
2.07946800762
2.02202565585
1.96541183873
1.90966800372
1.85483161694
1.80093626171
1.74801174803
1.69608423154
1.6451763407
1.59530731091
1.54649312437
1.4987466545
1.45207781375
1.40649370392
1.36199876782
1.3185949415
1.27628180612
1.23505673882
1.19491506173
1.15585018862
1.11785376854
1.0809158261
1.04502489771
1.01016816371
0.976331575834
0.943499979898
0.911657233446
0.880786318208
0.850869447276
0.821888166906
