568.374389006
568.213747755
567.732138376
566.930502868
565.810407456
564.374036967
562.624186983
560.564253838
558.198222498
555.530652388
552.56666126
549.311907162
545.772568628
541.955323176
537.86732424
533.516176643
528.909910752
524.056955427
518.966109929
513.646514896
508.107622551
502.359166282
496.411129737
490.273715575
483.957314034
477.472471438
470.8298588
464.040240639
457.114444169
450.063328959
442.897757203
435.628564705
428.2665327
420.822360592
413.306639718
405.729828216
398.102227076
390.433957431
382.73493917
375.014870894
367.283211278
359.549161866
351.821651316
344.10932112
336.420512801
328.763256583
321.145261541
313.573907195
306.05623654
298.598950478
291.208403621
283.890601419
276.651198575
269.49549869
262.428455094
255.454672798
248.578411507
241.803589639
235.133789284
228.572262025
222.121935574
215.785421143
209.565021483
203.462739529
197.480287583
191.619096967
185.880328086
180.26488083
174.773405272
169.406312582
164.163786114
159.045792612
154.052093481
149.18225607
144.435664936
139.811533028
