3.90446414795
3.90323746214
3.89956013732
3.89344035991
3.88489173592
3.87393323426
3.86058910772
3.84488879244
3.82686678618
3.80656250642
3.78402012908
3.75928840878
3.73242048201
3.70347365414
3.67250917178
3.63959198177
3.60479047833
3.56817623972
3.52982375609
3.4898101501
3.44821489168
3.40511950883
3.36060729578
3.31476302013
3.26767263067
3.21942296705
3.17010147304
3.11979591458
3.06859410391
3.01658363112
2.96385160422
2.9104843987
2.85656741768
2.80218486337
2.74741952073
2.69235255394
2.6370633162
2.58162917336
2.52612534174
2.47062474036
2.41519785779
2.35991263356
2.30483435429
2.25002556426
2.19554599026
2.14145248055
2.08779895742
2.03463638308
1.98201273836
1.92997301366
1.87855921175
1.82781036153
1.77776254246
1.72844909758
1.67989996336
1.63214278854
1.58520228474
