192.487852498
190.221286909
183.554517326
172.875509176
158.795614822
142.100288742
123.68709194
104.496631465
85.4431000069
67.3506534351
50.9010909845
36.5969020436
24.7424112924
15.4428375927
8.62070636196
4.04608160393
1.37669020993
0.203174572376
0.0943976182766
0.638522618851
1.47611785132
2.32319118434
2.98250759318
3.34459777146
3.37887682248
3.11785683638
2.63726425795
2.03483036451
1.41074485798
0.851637997304
0.419762183795
0.147637186338
0.0381857108753
0.0692141111892
0.20091439124
0.384940077813
0.573245083994
0.725600635898
0.814735830143
0.828690951976
0.770416918132
0.655092845676
0.505846609497
0.348762419361
0.208188362527
0.102792463147
0.0431755490662
0.0310615643018
0.0600935865901
0.117818965399
0.188548926562
0.25631311102
0.307639755549
0.333523845715
0.330502481364
0.300620483923
0.250390745591
