572.937328511
572.75098976
572.192438658
571.263068306
569.965192744
568.302035323
566.277712562
563.897213621
561.166375568
558.091854622
554.681093629
550.942286011
546.884336485
542.516818857
537.849931209
532.894510272
527.661736716
522.163391599
516.411805074
510.419496163
504.199365686
497.764581595
491.128525977
484.304742607
477.306885315
470.148667493
462.84381299
455.406008648
447.848858708
440.185841282
432.430267062
424.59524043
416.693623076
408.738000239
400.74064964
392.713513156
384.668171274
376.615820315
368.567252435
360.532838356
352.522512781
344.545762431
336.611616615
328.728640255
320.904929245
313.14810804
305.465329355
297.863275844
290.348163628
282.925747533
275.60132791
268.379758887
261.26545793
254.262416567
247.374212137
240.604020455
233.95462924
227.428452211
221.027543711
214.753613763
208.608043455
202.591900547
196.705955209
190.950695814
185.326344697
179.832873816
174.47002024
169.237301416
164.134030155
159.159329287
154.312145956
149.591265508
144.99532494
140.522825904
136.172147217
131.941556883
