56.0179770112
55.5675831184
54.2388557416
52.0974892418
49.247632211
45.8243396662
41.9839798526
37.8934347687
33.7189929061
29.615894022
25.7193167037
22.1375221711
18.9475256423
16.1935594031
13.8881713344
12.0156826087
10.5374706221
9.39846539653
8.53411540996
7.87717948997
7.3637289993
6.93790287381
6.55513655316
6.18374619151
5.80496703217
5.41167529785
5.00609963945
4.59697163366
4.19649013476
3.81749281171
3.4711290748
3.16520828794
2.90336188155
2.68493667231
2.50553866746
2.358051052
2.2338982235
2.12433941729
2.02162432172
1.91984229648
1.81539366161
1.7070731754
1.59579333356
1.4840497574
1.37520410943
1.27277108719
1.17976113793
1.09819541133
1.02884035757
0.971171790504
0.923554883427
0.88356944081
0.848438207276
0.815463606016
0.782404299513
0.747747449453
0.710837686397
