806.409687209
805.996771217
804.760054992
802.704923182
799.840403022
796.179000096
791.736575794
786.532186842
780.587854721
773.928528099
766.581588678
758.576780046
749.945894639
740.722502971
730.941683713
720.639731578
709.853897639
698.622109119
686.982705811
674.974194977
662.635011449
650.003292504
637.116672144
624.012089546
610.725622698
597.292326282
583.746105223
570.119592771
556.444054241
542.749305302
529.063645888
515.413814908
501.824954105
488.320588763
474.922619615
461.651328191
448.52539329
435.56191352
422.776439062
410.183015097
397.794222215
385.621236873
373.673872954
361.960657728
350.488879614
339.264655883
328.293001217
317.577887349
307.122311027
296.928357757
286.997266956
277.329493098
267.924768545
258.782160958
249.900131131
241.276590447
232.90895059
224.794174007
216.928825298
209.309111911
201.9309294
194.789903141
187.881421989
181.20067718
174.742692321
168.502356094
162.474448584
156.653668567
151.034656724
145.612016044
140.380335718
135.334203587
130.46822564
125.77704243
121.255338131
116.897853446
