5.39364867355
5.39095790907
5.3828962414
5.36949546044
5.3508082594
5.32690780404
5.29788713812
5.26385843323
5.2249520932
5.18131572525
5.13311299159
5.08052235627
5.02373574341
4.96295712342
4.89840104422
4.83029112469
4.7588585273
4.68434042634
4.60697848764
4.52701737452
4.4447032938
4.36028259436
4.27400042928
4.18609949134
4.09681882986
4.00639275572
3.91504983949
3.82301200644
3.73049373064
3.63770132902
3.54483235521
3.45207509155
3.35960813702
3.2676000876
3.17620930512
3.08558376984
2.99586101157
2.90716811372
2.81962178439
2.73332848845
2.64838463454
2.56487681073
2.48288206289
2.40246820984
2.3236941896
2.24661043117
2.17125924692
2.09767524044
2.02588572561
1.95591115259
1.88776553699
1.82145688868
1.75698763745
1.6943550524
1.63355165304
1.57456560984
1.51738113258
1.46197884498
1.40833614451
1.35642754643
1.3062250113
1.25769825562
1.21081504514
1.16554147088
1.12184220776
1.07968075611
1.03901966619
0.999820746322
0.962045254806
0.925654076417
0.890607883866
0.856867284947
0.824392955991
0.793145762315
0.76308686635
0.734177824151
