4.83473755068
4.83293261998
4.82752246391
4.81852096884
4.80595120624
4.7898453244
4.7702443981
4.74719823697
4.7207651541
4.6910116965
4.65801233913
4.62184914482
4.5826113922
4.54039517443
4.49530297109
4.44744319638
4.39692972651
4.34388140924
4.28842155889
4.23067743987
4.17077974202
4.10886205089
4.04506031614
3.97951232118
3.91235715696
3.843734703
3.77378511817
3.70264834412
3.63046362361
3.55736903615
3.48350105296
3.40899411326
3.33398022339
3.25858858041
3.18294522131
3.10717269892
3.03138978523
2.95571120289
2.88024738504
2.80510426377
2.73038308724
2.65618026498
2.58258724135
2.5096903962
2.43757097226
2.36630502837
2.29596341744
2.22661178811
2.15831060893
2.09111521374
2.02507586688
1.96023784686
1.89664154697
1.83432259145
1.77331196563
1.71363615863
1.65531731705
