114.683439196
113.908298741
111.609010232
107.862762459
102.794129824
96.5693136828
89.3884181274
81.4763387691
73.0727207382
64.4215281916
55.7607602152
47.3128662942
39.2764118275
31.8191498913
25.0731618467
19.1318574121
14.0491416302
9.84055015908
6.48624819383
3.9355179391
2.11245815748
0.922451042939
0.258990079769
0.0104305550602
0.0663325690605
0.322991058161
0.687967834858
1.08342479026
1.44817763684
1.73849488444
1.92769269999
2.00475192068
1.97209103792
1.8427751521
1.63742145633
1.3810520201
1.100083189
0.819724707164
0.561851651161
0.343486376
0.175921709121
0.0644622574695
0.00872745826417
0.00341610872781
0.0394156301683
0.105097517552
0.187715412742
0.274673827022
0.354708114415
0.4187389649
0.460475012097
0.476669116235
0.467069234036
0.434096970547
0.382317545829
0.317750202398
0.247135250691
