13.1220315299
13.1059006129
13.0576520386
12.977715999
12.8668017393
12.7258861353
12.5561980717
12.3591989811
12.1365599849
11.8901361779
11.6219384605
11.3341039468
11.0288646451
10.7085177748
10.3753923086
10.0318205884
9.68010899222
9.32250960217
8.96119801776
8.59824956582
8.23562056017
7.87513301217
7.51846121887
7.16712268426
6.82247233163
6.48569960515
6.15782777747
5.83971753227
5.53207121326
5.23544049866
4.9502351718
4.67673313128
4.41509210074
4.16536089879
3.92749198991
3.70135400663
3.48674352238
3.28339700739
3.09100100414
2.90920382804
2.73762333053
2.57585610218
2.42348465422
2.28008379722
2.14522605913
2.01848619362
1.89944484754
1.78769157899
1.68282664531
1.58446319284
1.49222864005
1.40576446631
1.324727447
1.24878963644
1.17763853554
1.11097675736
1.04852176609
