7.95920545852
7.95388206952
7.93793778195
7.9114499933
7.87454690034
7.82740631262
7.7702540156
7.70336170686
7.62704453475
7.54165827435
7.44759617999
7.34528555753
7.23518410258
7.11777605312
6.99356820598
6.86308584726
6.72686864613
6.58546656024
6.43943579888
6.28933488723
6.1357208718
5.97914570323
5.82015282844
5.6592740195
5.49702646198
5.33391012058
5.17040539516
5.00697107546
4.84404259844
4.68203060765
4.52131981033
4.36226812429
4.20520610317
4.0504366264
3.89823483737
3.7488483118
3.60249743659
3.45937597864
3.3196518224
3.18346785461
3.05094297499
2.92217321182
2.79723292223
2.67617605771
2.55903747671
2.44583428716
2.33656720324
2.23122190227
2.12977036872
2.03217221418
1.93837596352
1.84832029864
1.76193525307
1.67914335156
1.59986069043
1.52399795515
1.45146137322
