18.4812145726
18.4123487812
18.2115011785
17.8944714289
17.4833056521
17.0015293964
16.4700360305
15.9047976827
15.3166972313
14.7129165307
14.0988526021
13.4796061354
12.8605550194
12.2470972516
11.6440282371
11.055050782
10.4826899777
9.92857755079
9.39385674128
8.87947766739
8.38626339209
7.91480641567
7.465349277
7.03776050123
6.63163073117
6.24641705608
5.88155375949
5.53647725921
5.21058322833
4.90317854596
4.61347090095
4.34061146128
4.08376026788
3.84212396496
3.61495743698
3.40153645382
3.20112919398
3.0129938829
2.83639615514
2.6706461047
2.51510616701
2.369188267
2.23233065743
2.10398409497
1.98360853971
1.87068796009
1.76474515848
1.66534561087
1.5720903318
1.48459936946
1.40250414675
1.3254485015
1.25309747697
1.18514488631
1.12131421827
1.06135035025
1.00501128485
