4.33562483122
4.33380061898
4.32833444468
4.31924689787
4.30656659697
4.29034057829
4.27062503426
4.24748803364
4.22100883714
4.19127725926
4.15839256337
4.12246445345
4.08360966684
4.04195294562
3.99762576293
3.95076530779
3.90151384717
3.85001767162
3.79642626811
3.74089146078
3.68356657394
3.62460562376
3.56416254467
3.5023904552
3.43944096761
3.37546354462
3.31060490574
3.24500848526
3.17881394283
3.11215672698
3.0451676914
2.9779727646
2.91069266893
2.84344269013
2.77633249458
2.70946599099
2.64294123574
2.57685037764
2.51127964035
2.44630933916
2.38201392895
2.31846208098
2.2557167849
2.19383547349
2.13287016749
2.0728676371
2.01386957848
1.95591280218
1.89902943137
1.84324710774
1.78858920304
1.73507503438
1.68272008185
1.6315362063
1.58153186673
1.53271233539
1.48507990966
