2.29771786289
2.29732475739
2.29614589402
2.29418263124
2.29143723005
2.28791284924
2.28361353891
2.278544232
2.27271073419
2.26611971186
2.25877867838
2.25069597872
2.24188077238
2.23234301467
2.22209343655
2.21114352288
2.19950548934
2.18719225792
2.17421743119
2.16059526534
2.14634064211
2.13146903966
2.11599650251
2.09993961059
2.0833154475
2.06614156811
2.04843596552
2.03021703752
2.01150355266
1.99231461592
1.97266963423
1.95258828177
1.93209046527
1.91119628931
1.88992602174
1.86830005932
1.84633889367
1.8240630775
1.80149319143
1.77864981118
1.75555347552
1.73222465473
1.7086837199
1.68495091299
1.66104631774
1.6369898315
1.61280113805
1.58849968132
1.56410464032
1.53963490505
1.51510905355
1.49054533014
1.46596162481
1.44137545383
1.41680394161
1.3922638037
1.36777133116
