5.84929661685
5.84561938773
5.83461066249
5.81633823713
5.79091233998
5.7584833401
5.7192397816
5.6734059207
5.62123836753
5.56302229663
5.49906769827
5.42970563629
5.35528438151
5.27616554484
5.19272037955
5.10532626156
5.01436332891
4.92021134725
4.82324685613
4.723840583
4.62235511783
4.51914287503
4.41454434538
4.30888661281
4.20248212614
4.09562772582
3.98860390661
3.88167428971
3.77508529186
3.66906597888
3.56382807898
3.45956613446
3.35645777963
3.25466412843
3.15433025076
3.05558572289
2.9585452414
2.86330928597
2.76996481649
2.67858599573
2.58923492976
2.50196241509
2.41680868443
2.33380414682
2.25297011647
2.17431952379
2.09785760523
2.02358257048
1.95148624315
1.88155467248
1.81376871555
1.74810458973
1.68453439359
1.62302659614
1.56354649547
1.50605664717
1.45051726195
1.39688657414
1.34512118227
1.29517636246
1.24700635516
1.20056462733
1.15580411127
1.11267742069
1.07113704569
1.03113552818
0.992625618804
0.955560416161
0.919893490001
0.885578989925
0.852571740107
0.820827320804
0.790302138155
0.760953483693
0.732739584337
0.705619643178
