5.69451537333
5.69197419615
5.68435853297
5.67169194391
5.65401354669
5.63137779408
5.60385416516
5.57152677288
5.53449389134
5.49286740674
5.44677219666
5.39634544293
5.34173588364
5.28310301053
5.22061621832
5.15445391261
5.08480258351
5.01185585222
4.93581349771
4.85688047075
4.77526590261
4.69118211536
4.60484364062
4.51646625335
4.42626602696
4.33445841544
4.24125736821
4.14687448239
4.05151819719
3.95539303429
3.85869888763
3.76163036551
3.66437618741
3.56711863712
3.47003307369
3.37328750061
3.27704219365
3.18144938699
3.08665301689
2.99278852173
2.89998275535
2.80835360243
2.71801052172
2.62905396779
2.54157573546
2.45565899574
2.37137842962
2.28880039799
2.20798314445
2.12897702748
2.05182477888
1.97656178495
1.90321638714
1.83181019909
1.76235843684
1.69487025922
1.62934911571
