3.44900738955
3.44807109578
3.44526398424
3.44059135817
3.43406203567
3.42568831903
3.4154859519
3.40347406461
3.38967510801
3.37411477601
3.3568219174
3.33782843725
3.31716918853
3.29488185442
3.27100682196
3.24558704766
3.2186679157
3.19029708955
3.16052435758
3.12940147356
3.09698199269
3.06332110401
3.02847545998
2.99250300395
2.95546279639
2.9174148405
2.8784199082
2.83853936693
2.79783500827
2.75636887888
2.71420311448
2.67139977755
2.62802069924
2.58412732611
2.53978057227
2.49504067728
2.44996707025
2.40461824067
2.35905161615
2.31332344735
2.26748870056
2.22160095784
2.17571232506
2.12987334797
2.08413293617
2.03853829522
1.99313486676
1.94796627654
1.90307429043
1.85849877802
1.81427768398
1.77044700658
1.72704078359
1.68409108491
1.64162801193
1.59967970321
1.55827234621
1.5174301947
1.47717559156
1.43752899665
1.39850901934
1.36013245528
1.3224143273
1.28536792976
1.24900487623
1.21333515001
1.17836715728
1.14410778233
1.11056244476
1.07773515818
1.04562859014
1.01424412303
0.983581915581
0.953640964796
0.924419167959
0.895913384543
