68.156797425
67.8827616879
67.0661556813
65.7233300695
63.8810255305
61.5756261523
58.8521513527
55.763011103
52.3665845054
48.7256423562
44.905696599
40.9732961217
36.9943463756
33.032506113
29.1476854096
25.3947241845
21.8222445827
18.4717534705
15.3769816996
12.5634781123
10.0484745334
7.84099559039
5.94220467465
4.34598262598
3.03966129848
2.00493858431
1.21888103023
0.655008927635
0.28441041894
0.07683872569
0.00176987312284
0.0293811410313
0.131406936706
0.281878257281
0.457690781665
0.639063422868
0.809773167674
0.957273259899
1.0726542932
1.15047050899
1.18845272806
1.18712451876
1.14935144983
1.07984960172
0.984669020793
0.870684257356
0.745108065476
0.615057204494
0.487164092785
0.367270456915
0.260189062997
0.169552773
0.0977380793192
0.045867639084
0.0138687407774
0.000612542668159
0.00406335441199
