369.53441399
369.466393517
369.262418916
368.922750445
368.447821183
367.838236019
367.094770227
366.218367653
365.210138508
364.071356779
362.803457264
361.408032249
359.88682783
358.241739897
356.474809793
354.588219663
352.584287513
350.465461988
348.234316891
345.893545464
343.445954446
340.89445793
338.242071035
335.491903423
332.647152668
329.711097516
326.687091036
323.578553699
320.388961017
317.121858583
313.780821228
310.369469037
306.891454479
303.350455463
299.750168458
296.094301702
292.386568505
288.630680681
284.830342106
280.989242431
277.111050962
273.199410719
269.257932683
265.29019025
261.299713902
257.289986096
253.264436393
249.226436821
245.179297494
241.126262474
237.070505902
233.01512838
228.963153622
224.917525375
220.881104597
216.856666908
212.846900304
208.854403132
204.881682332
200.931151925
197.005131765
193.105846528
189.235424948
185.39589929
181.589205049
177.817180865
174.081568665
170.384013995
166.72606656
163.109180946
159.534717522
156.003943511
152.518034224
149.078074439
145.685059923
142.339899085
