3.69097476328
3.6898004413
3.68628026518
3.6804225913
3.67224130367
3.66175574931
3.64899064848
3.63397598038
3.61674684522
3.59734330365
3.57581019475
3.55219693378
3.52655729141
3.49894915564
3.46943427842
3.4380780085
3.40494901243
3.37011898558
3.33366235504
3.29565616446
3.25617901521
3.21531169163
3.17313686134
3.129737815
3.08519891794
3.03960511971
2.99304165901
2.94559377641
2.89734643614
2.84838405835
2.79879026274
2.74864762481
2.69803744541
2.64703953442
2.59573200919
2.54419110813
2.49249101994
2.44070372854
2.38889887401
2.33714362942
2.28550259341
2.23403769841
2.18280813426
2.13187028656
2.08127768969
2.03108099362
1.98132794418
1.93206337597
1.88332921737
1.8351645068
1.78760541968
1.74068530507
1.69443473145
1.64888154072
1.60405090975
1.55996541854
1.5166451244
1.47410764138
1.43236822406
1.39143985525
1.35133333671
1.31205738243
1.27361871364
1.23602215524
1.19927073291
1.16336577045
1.12830698691
1.09409259307
1.06071938691
1.02818284755
0.99647722764
0.965595643592
0.935530163651
0.906271893435
0.877811058836
0.850137086086
