6.96463236323
6.95933378456
6.94347780474
6.91718267564
6.88064222836
6.83412140368
6.77795065449
6.71251959107
6.6382701188
6.55568921705
6.46530147572
6.36766153216
6.26334658779
6.15294918833
6.03707041306
5.91631356178
5.79127838261
5.66255586392
5.53072361193
5.39634183183
5.25994991737
5.1220636322
4.98317284922
4.84373980739
4.70419784664
4.56495058363
4.42637148923
4.28880382354
4.15256088149
4.01792650367
3.88515581215
3.75447613588
3.62608809184
3.50016678919
3.37686312477
3.25630514216
3.13859943145
3.02383255039
2.91207244999
2.80336988852
2.6977598198
2.59526274469
2.49588601749
2.39962510148
2.30646476851
2.21638023822
2.12933825365
2.04529809162
1.96421250786
1.88602861763
1.81068871282
1.73813101643
1.66829037588
1.60109889751
1.53648652512
1.47438156563
1.41471116443
1.35740173306
1.3023793318
1.24957001038
1.19890010999
1.15029652939
1.10368695797
1.05900007783
1.01616573754
0.975115100069
0.935780767462
0.898096884376
0.861999222373
0.827425246657
0.794314167044
0.762606974983
0.732246468279
0.703177264903
0.675345807002
0.648700356203
