6.34990835022
6.34668007904
6.33700681255
6.32092311488
6.29848633732
6.26977623749
6.23489445173
6.19396382591
6.14712761138
6.09454853409
6.03640774611
5.97290366985
5.90425074605
5.83067809765
5.7524281221
5.66975502515
5.58292330942
5.49220623128
5.39788423953
5.30024340896
5.19957388181
5.09616832958
4.99032044684
4.88232348828
4.77246885913
4.66104476838
4.54833495298
4.43461748055
4.32016363658
4.20523690146
4.0900920212
3.97497417477
3.86011824009
3.74574815921
3.63207640271
3.51930353214
3.40761785852
3.29719519414
3.18819869429
3.08077878466
2.97507316989
2.87120691817
2.76929261642
2.66943059032
2.57170918326
2.47620508811
2.38298372586
2.29209966485
2.20359707479
2.11751020955
2.03386391326
1.95267414419
1.87394851123
1.79768681828
1.72388161197
1.6525187285
1.58357783595
