4.05706476262
4.05574379266
4.05178391272
4.04519419954
4.03598973799
4.02419155661
4.00982653811
3.9929273053
3.9735320831
3.95168453768
3.92743359365
3.9008332305
3.87194225962
3.84082408323
3.80754643673
3.77218111615
3.73480369229
3.6954932132
3.65433189694
3.61140481632
3.56679957736
3.52060599345
3.47291575695
3.4238221099
3.37341951584
3.32180333411
3.26906949858
3.21531420214
3.16063358856
3.10512345303
3.04887895275
2.99199432869
2.93456263963
2.87667550944
2.81842288847
2.75989282971
2.70117128043
2.64234188969
2.58348583218
2.52468164859
2.46600510262
2.40752905483
2.34932335303
2.29145473921
2.23398677272
2.17697976925
2.12049075537
2.06457343795
2.00927818797
1.95465203813
1.90073869357
1.8475785549
1.79520875293
1.74366319419
1.6929726166
1.64316465425
1.59426391071
1.54629203988
1.49926783363
1.45320731542
1.40812383912
1.36402819217
1.32092870251
1.27883134833
1.23773987011
1.19765588429
1.15857899779
1.12050692303
1.08343559261
1.04735927345
1.01227067966
0.978161083828
0.945020426371
0.912837422455
0.88159966631
0.851293732585
