11.3477097541
11.3361302083
11.3014800914
11.2440236457
11.1641969097
11.062601277
10.939994779
10.7972807662
10.6354954571
10.4557934669
10.2594315166
10.0477520298
9.8221656351
9.58413348946
9.33514965207
9.076724078
8.81036507716
8.53756530651
8.25978578572
7.97844363923
7.69489997004
7.41045028994
7.12631496506
6.84363352831
6.56345887949
6.28675374871
6.01438853534
5.74714053152
5.4856944086
5.23064383233
4.98249406422
4.74166540312
4.50849732088
4.28325315026
4.06612518916
3.85724009848
3.65666445032
3.46441039982
3.2804412815
3.10467714436
2.93699994517
2.77725892677
2.62527529706
2.48084682953
2.34375211555
2.21375440732
2.09060527305
1.9740477606
1.86381930347
1.7596542887
1.6612863154
1.56845016045
1.48088332574
1.39832805174
1.32053165583
1.24724809607
1.17823862345
