4.47554912135
4.47400120156
4.46936112969
4.46163995214
4.45085602605
4.4370349393
4.4202093994
4.40041909171
4.37771050821
4.35213674764
4.32375728861
4.29263773685
4.25884954843
4.2224697305
4.18358052172
4.14226905399
4.09862699789
4.05275019383
4.00473827107
3.95469425707
3.9027241792
3.84893666122
3.79344251682
3.73635434239
3.67778611114
3.61785277093
3.55666984757
3.49435305575
3.43101791936
3.36677940302
3.3017515563
3.23604717231
3.16977746183
3.10305174427
3.03597715659
2.96865838087
2.90119739156
2.8336932228
2.76624175636
2.69893553052
2.63186356997
2.56511123691
2.49876028822
2.43288802782
2.36756833017
2.30287083361
2.23886089194
2.17560028911
2.11314611357
2.05155150801
1.9908655064
1.93113307218
1.87239515091
1.81468873628
1.75804694849
1.70249912394
1.64807091524
