5.22964761375
5.22762729801
5.22157155742
5.21149598793
5.19742650325
5.17939921599
5.15746027242
5.13166564179
5.10208086162
5.06878074079
5.03184902212
4.99137800701
4.94746814435
4.90022758666
4.84977175014
4.79622263835
4.73970811044
4.68039668241
4.61832719425
4.55374170952
4.48673125207
4.41751578439
4.34618465981
4.27291576373
4.19786098455
4.1211809997
4.04303461035
3.96358211344
3.88298511891
3.80138768763
3.71895700773
3.63583997639
3.55218436831
3.46812073897
3.38382949375
3.29943064191
3.21505477697
3.13084518443
3.04692877919
2.96341014858
2.88027982565
2.79804166554
2.71640716556
2.63560543165
2.55572766959
2.47686212313
2.39908816368
2.32262911152
2.24726341741
2.17319314511
2.10047578926
2.02916233966
1.95929822577
1.89073247761
1.82387322315
1.7585672049
1.69483729536
