29.8255143797
29.5732241804
28.8427027546
27.7080190885
26.2772392971
24.6732908958
23.0138124046
21.3944910493
19.8790600437
18.4972686778
17.2499853484
16.118975673
15.0781718509
14.1033153118
13.1779887284
12.2953756897
11.4564569278
10.6661839844
9.92943146968
9.24815199818
8.62038778785
8.04102077953
7.50356055083
7.00205281609
6.53232154236
6.09232833178
5.68154175558
5.29993386528
4.94700488821
4.62125495563
4.3202345582
4.04103036418
3.78091062196
3.53782602214
3.3105657562
3.09857166291
2.90153586861
2.71899067915
2.55007134477
2.39351933811
2.24789981827
2.11188447885
1.98448778178
1.86513186124
1.75355043034
1.64958765306
1.55299010954
1.46329442217
1.37983672863
1.30187360379
1.22873708481
1.15995463164
1.09527589232
1.03460905684
0.977906557832
0.925045106608
0.875773343299
