1923.04036191
1712.98012976
1193.28008598
615.713904195
202.415185206
23.1400718585
3.70918468136
28.2055700145
31.2122716336
13.7457819932
0.931890463089
2.05398427616
7.30060082336
6.92688974634
2.36247385803
0.00232115339745
1.43618958204
3.04016311546
2.23393286351
0.457705351048
0.0907595161181
1.03238470412
1.48621356393
0.798063818306
0.0570906413134
0.193134447419
0.734101410324
0.760551382756
0.272183088936
0.000952644291889
0.239266212196
0.509933679255
0.383162937636
0.0745637366413
0.0264267487992
0.238354144651
0.339144198587
0.179324098044
0.0102719915018
0.0613142474986
0.210556009816
0.21225743977
0.0715972754972
0.00127825771801
0.0845496151726
0.170032517458
0.122856166102
0.0212932541128
0.0136601602675
0.0934486901294
0.126118476558
0.0631182823559
0.00260375092861
0.029619791496
0.0894029436167
0.0859038718737
0.0266377659807
