279.818411804
274.94726475
260.755609386
238.457293031
209.913283362
177.412483112
143.409976507
110.259702887
79.9759340662
54.0546472113
33.3736651858
18.1787465002
8.14971836372
2.52882733619
0.287251102237
0.301215920333
1.51158870335
3.04640488232
4.29344476219
4.92052657044
4.84898728604
4.19290384665
3.18073668438
2.07548821075
1.10808905076
0.432906661291
0.109627538401
0.109034708619
0.337120427837
0.668731257471
0.981622274789
1.18377683515
1.22878174873
1.1183851356
0.893434104063
0.617316415474
0.356913228369
0.165745129116
0.0729696672384
0.0798271530474
0.16334387565
0.285428919863
0.404184412722
0.484785423144
0.507098789892
0.46867209518
0.383054330994
0.274359624582
0.169867430325
0.0927748560364
0.0568132583347
0.0638564227037
0.104783423559
0.162958985798
0.219355352295
0.257563506787
0.26768930143
