7.87715825658
7.87190472573
7.85616977135
7.83003006709
7.79361260282
7.74709349777
7.69069636336
7.62469023972
7.54938713579
7.46513920806
7.37233561803
7.27139911197
7.16278236973
7.04696417141
6.92444543184
6.79574515327
6.66139634577
6.52194196379
6.37793090487
6.22991411369
6.0784408312
5.92405502471
5.76729203021
5.60867543379
5.44871421416
5.28790016332
5.1267055977
4.96558136731
4.80495516589
4.64523014093
4.48678379838
4.32996719343
4.17510439558
4.02249221372
3.8724001643
3.72507066443
3.58071943006
3.43953605848
3.3016847741
3.16730531609
3.03651394678
2.90940456012
2.78604987036
2.66650266186
2.55079708231
2.43894996276
2.33096214921
2.22681983207
2.12649586116
2.0299510354
1.93713535787
1.8479892483
1.76244470629
1.68042642013
1.60185281694
1.52663705124
1.45468792997
