7.13411213978
7.12996837739
7.11755419787
7.09692079152
7.068153035
7.03136883602
6.98671822686
6.93438221742
6.87457142117
6.80752447019
6.73350623729
6.65280588573
6.56573476833
6.47262419919
6.37382312236
6.26969570216
6.1606188603
6.04697978481
5.92917343519
5.80760006767
5.68266280313
5.5547652592
5.42430926611
5.29169268442
5.15730734074
5.02153709513
4.88475605239
4.74732692654
4.60959956606
4.47190964504
4.33457752332
4.19790727665
4.06218589589
3.92768265265
3.79464862687
3.66331639052
3.53389984034
3.40659417119
3.2815759809
3.1590034967
3.03901691253
2.92173882657
2.80727476764
2.69571379944
2.58712919149
2.48157914589
2.37910756934
2.27974488027
2.18350884161
2.09040541001
2.00042959324
1.91356630803
1.82979123134
1.74907163884
1.67136722494
1.5966308997
1.52480955824
