18.3683131792
18.2804474959
18.0299712092
17.6509481869
17.1854149956
16.6696259878
16.1260804196
15.5638309221
14.9846015179
14.3897298188
13.7838384197
13.1743422692
12.5687438755
11.9724099132
11.3882739091
10.8180117879
10.2632897703
9.72612324606
9.20839327663
8.711248453
8.23501787968
7.77959206646
7.34486686308
6.93085465843
6.53749173121
6.16441047446
5.8109471321
5.47633262902
5.15987568037
4.86097849824
4.57901892679
4.3132559191
4.06285557394
3.82699676224
3.60495279771
3.39607082295
3.19969751723
3.01513355478
2.84166347169
2.67862318556
2.52542720561
2.38154285707
2.24643730713
2.11956406903
2.0003902527
1.88843360304
1.78327039963
1.68451029088
1.59176053978
1.5046262201
1.42273451897
1.34575634579
1.27340093433
1.20539359745
1.14145741058
1.08131918365
1.02472765827
