551.123678815
550.971902957
550.516865771
549.759437386
548.701064609
547.343765821
545.69012388
543.743277054
541.506908043
538.98523114
536.182977605
533.105379328
529.758150858
526.147469903
522.279956398
518.162650237
513.8029878
509.208777382
504.388173645
499.34965122
494.101977595
488.654185404
483.015544261
477.195532259
471.203807272
465.050178185
458.744576175
452.29702617
445.717618605
439.016481585
432.203753572
425.289556696
418.283970781
411.197008197
404.038589606
396.818520677
389.546469864
382.231947283
374.884284754
367.512617063
360.125864471
352.732716505
345.341617062
337.960750832
330.598031059
323.261088638
315.957262534
308.693591533
301.476807286
294.313328636
287.209257191
280.170374119
273.202138117
266.309684512
259.497825463
252.771051186
246.133532183
239.589122393
233.141363221
226.793490098
220.548431999
214.408825769
208.377018475
202.455075896
196.644790564
190.947690278
185.365047014
179.897882165
174.546992092
169.312938132
164.196055986
159.196486489
154.314169462
149.548858032
144.900128887
140.367392491
