11.8325926609
11.8158723333
11.7660330011
11.6839823568
11.5710843958
11.4290394116
11.2598165229
11.065616573
10.8488238396
10.6119365289
10.3574973098
10.0880416942
9.8060608072
9.51396767207
9.21406559087
8.9085242594
8.59936515443
8.2884521418
7.97748459179
7.66799421637
7.361346659
7.05874615103
6.76124130472
6.46973211784
6.18497882936
5.90761195174
5.63814229577
5.37697083406
5.12439886263
4.8806382746
4.64582126957
4.42000934256
4.20320190706
3.9953445947
3.79633686403
3.60603879477
3.42427733521
3.25085215009
3.08554085185
2.92810354196
2.778286848
2.63582761337
2.50045614463
2.37189893314
2.24988098503
2.134127907
2.0243677069
1.92033223431
1.8217583439
1.7283889024
1.63997363972
1.55626976045
1.47704237972
1.40206487181
1.3311191392
1.26399574455
1.2004939256
