124.981954155
124.038339087
121.243029231
116.700762921
110.579977931
103.104070755
94.5398494885
85.1840182433
75.3485358063
65.3455536953
55.4730319632
46.0017302753
37.1642414809
29.1468645434
22.0842612512
16.0574337314
11.0946670999
7.17545565698
4.23673124654
2.1808851245
0.885129996727
0.2112989721
0.0154974634923
0.157040131216
0.506134547647
0.949866475439
1.39641391172
1.77722343127
2.04750279019
2.18459936687
2.18558268363
2.06330476352
1.84214244226
1.55342910243
1.23109488864
0.907801113505
0.611822782118
0.364867164563
0.180806200505
0.0653846806389
0.0167772147503
0.0267681587855
0.0824455898445
0.168125933785
0.267307142495
0.364466380344
0.446524737102
0.503885278519
0.531018138637
0.526522042053
0.492769099688
0.435203518936
0.361406210204
0.280004768294
0.199628082296
0.127972095545
0.071038237605
