8.82711613037
8.82015729605
8.79932273104
8.76473774209
8.7166094937
8.6552245227
8.58094532747
8.49420609799
8.39550766843
8.28541178783
8.16453481436
8.03354094709
7.89313511371
7.74405563478
7.5870667838
7.42295135902
7.2525033765
7.07652098579
6.89579969962
6.71112601727
6.5232715093
6.33298741818
6.14099981613
5.94800534884
5.75466758099
5.56161394804
5.36943330775
5.17867407578
4.9898429209
4.80340398867
4.61977861681
4.43934550096
4.26244126672
4.08936140184
3.92036150183
3.75565878216
3.59543381183
3.43983242409
3.28896776324
3.14292242854
3.00175067991
2.86548067306
2.73411669546
2.6076413779
2.4860178598
2.36919189003
2.25709384796
2.14964067255
2.04673769014
1.94828033406
1.85415575151
1.76424429522
1.6784208991
1.59655633872
1.5185183787
1.44417281019
1.37338438244
