200.182966712
197.825316299
190.890654937
179.78250657
165.1367902
147.770584219
128.617471814
108.655885003
88.8367364467
70.0173042171
52.9067820847
38.027881001
25.697104558
16.0239400739
8.9277966107
4.16946903419
1.39295733112
0.172441276605
0.0594698245942
0.625636076948
1.4971131331
2.37838725649
3.06441252112
3.44126744873
3.47713541661
3.20585886287
2.70617928168
2.07976103062
1.43085323553
0.849539892569
0.400554170651
0.117763298923
0.00419413047182
0.0367420638816
0.174011493283
0.365724162063
0.561884324528
0.720656131336
0.813674781496
0.828491646123
0.768175639921
0.648529411598
0.493582186975
0.330510672348
0.184606192424
0.0753044537674
0.0136039016348
0.00133491020751
0.0318614062482
0.0922461939149
0.16614554738
0.236965303884
0.290680945448
0.317943175062
0.315134399114
0.284355570711
0.232458935128
