543.654572293
188.00825744
21.2004734693
23.3467696242
20.8430805389
17.984763497
17.6477469966
16.3483915548
15.1162279917
14.3648232463
13.3238649189
12.4280603998
11.7011647854
10.8855869367
10.1951846023
9.5808005439
8.94217888414
8.4028767023
7.89684138288
7.39718505159
6.96532865799
6.5511773422
6.15395039011
5.80645069917
5.4661809105
5.1474439468
4.86280760585
4.58253577019
4.32569322526
4.08945851762
3.8586174383
3.65029753968
3.45422670085
3.26400252182
3.09222934467
2.92836039675
2.77124810799
2.62947411249
2.49175500291
2.36212524512
2.24334183162
2.12827579275
2.0200738965
1.92030356858
1.82427864306
1.73349334821
1.65015486742
1.56797271965
1.49338828716
1.42200475148
1.35389009643
1.28924513891
1.22949233302
1.17140911236
1.11785557845
1.06635253151
1.01695045804
