8.22908478194
8.22314858354
8.20537224406
8.17585218398
8.13474795438
8.08228053325
8.0187299817
7.94443249992
7.8597769329
7.76520078389
7.66118580112
7.54825320844
7.42695865488
7.29788695989
7.16164673198
7.01886493731
6.87018149223
6.71624394992
6.55770234632
6.39520426418
6.22939016753
6.06088905122
5.89031444222
5.71826078189
5.54530020972
5.37197976208
5.19881899157
5.02630800592
4.8549059191
4.68503970178
4.51710341306
4.35145779197
4.18843018321
4.02831476963
3.87137310527
3.71783476735
3.56789849994
3.42173324494
3.27947948629
3.14125068508
3.00713481179
2.87719594924
2.75147594221
2.62999607143
2.51275873211
2.39974909908
2.29093676317
2.18627732539
2.08571393767
1.98917878103
1.89659447361
1.80787540316
1.72292897983
1.64165680668
1.56395576666
1.48971902585
1.41883695365
