101.162932408
100.547396627
98.7194795991
95.7344586302
91.6818574357
86.6816786399
80.8793817664
74.4399525595
67.54113979
60.3664440558
53.0981021919
45.9103047104
38.9630870899
32.3970683492
26.3293459786
20.8506408609
16.0236407589
11.8829228977
8.43585666199
5.66490067341
3.53073361285
1.97612133127
0.930332780045
0.313767376604
0.0425561775272
0.032919297186
0.205038752194
0.486349027853
0.814012131876
1.13666399908
1.41529274149
1.6233116241
1.74594254544
1.77904378892
1.72737884214
1.60266562936
1.42141969814
1.20287722214
0.966958586549
0.732507941854
0.515935345665
0.330181051538
0.184096984426
0.0822425583057
0.0250645078179
0.00935107754233
0.0289354065848
0.0755724838225
0.139848630553
0.212101117528
0.283247967192
0.345492181612
0.392810537848
0.421280752195
0.429162884835
0.416818060895
0.386446283567
