5.50494583617
5.50242958492
5.49488916617
5.48234953205
5.4648520941
5.44245446197
5.41523008128
5.38326777413
5.34667118679
5.30555814985
5.26005995707
5.21032056976
5.15649575409
5.09875215949
5.03726634647
4.97222377255
4.9038177454
4.832248352
4.75772180956
4.68044719134
4.60063970298
4.51851523952
4.43429150939
4.34818656574
4.26041780796
4.17120102303
4.08074947266
3.98927303107
3.89697737795
3.80406325007
3.71072575468
3.61715374667
3.52352927125
3.43002707277
3.33681416999
3.24404949736
3.15188361122
3.06045845958
2.96990721328
2.8803541563
2.79191463223
2.70469504403
2.61879290357
2.53429692742
2.4512871752
2.36983522666
2.29000439362
2.21184996287
2.13541946622
2.06075297384
1.98788340724
1.91683686835
1.84763298118
1.780285243
1.71480138176
1.65118371712
1.58942978713
