4.96622592178
4.96407712423
4.95763770314
4.94692852861
4.93198423605
4.91285300566
4.8895962569
4.86228826094
4.83101567522
4.79587700461
4.7569819946
4.71445096257
4.66841407341
4.61901056668
4.56638794236
4.51070111281
4.45211152854
4.39078628541
4.32689722113
4.26062000822
4.192133251
4.12161759346
4.04925484462
3.97522712751
3.89971605758
3.82290195547
3.74496309898
3.66607501802
3.58640983595
3.50613566026
3.42541602445
3.344409383
3.26326866015
3.18214085305
3.1011666892
3.02048033749
2.94020917194
2.86047358659
2.78138685981
2.70305506582
2.62557703116
2.54904433337
2.47354133911
2.39914527881
2.32592635485
2.25394788004
2.18326644347
2.11393210049
2.04598858386
1.97947353297
1.91441873849
1.85085039927
1.78878938931
1.7282515319
1.66924787885
1.61178499253
1.55586522871
1.50148701834
1.44864514672
1.39733102844
1.34753297677
1.29923646648
1.25242438892
1.20707729859
1.16317365048
1.12069002765
1.07960135848
1.03988112342
1.0015015509
0.964433802291
0.928648145984
0.89411412046
0.860800686613
0.828676369436
0.7977093893
0.767867783129
