5.17189648203
5.16901828563
5.16040277031
5.14610054521
5.12618731874
5.10076681053
5.06997147579
5.03395877261
4.9929090534
4.94702369492
4.89652235973
4.84164064729
4.78262757303
4.71974297285
4.65325511835
4.58343827523
4.51057042822
4.43493114742
4.35679954525
4.27645244966
4.19416270864
4.11019766917
4.02481784942
3.93827575364
3.85081487635
3.76266886111
3.6740608072
3.58520273603
3.49629518042
3.40752690767
3.31907475845
3.23110358435
3.1437662884
3.05720394224
2.97154597968
2.88691045622
2.80340435742
2.72112395919
2.64015522212
2.56057421541
2.48244756785
2.40583293073
2.3307794554
2.2573282767
2.18551299562
2.115360163
2.04688975511
1.98011564153
1.91504604243
1.85168397057
1.79002766156
1.73007098611
1.67180384255
1.61521253558
1.56028013846
1.50698682649
1.45531019244
1.40522556666
1.35670629678
1.30972397424
1.26424871744
1.22024944957
1.1776940046
1.13654930711
1.09678175516
1.05835727837
1.02124122134
0.985398825009
0.950795549563
0.917396561668
0.885166929384
0.854072499719
0.824079422001
0.795153569351
0.767261581506
0.740371131753
