7.99036118289
7.98461055896
7.96739067739
7.93879714757
7.89898812073
7.84818251688
7.78665758899
7.71474586896
7.63283155124
7.54134637834
7.44076510057
7.33160058744
7.214398672
7.08973281121
6.95819864475
6.82040853318
6.67698615238
6.52856121595
6.37576439138
6.21922246796
6.05955382667
5.89736425388
5.73324313161
5.56776002894
5.40146171036
5.23486956894
5.06847748483
4.90275010267
4.73812151556
4.57499433811
4.41373914666
4.25469426125
4.09816584145
3.94442826612
3.79372476616
3.64626827878
3.5022424921
3.36180304948
3.22507888407
3.09217365569
2.96316726373
2.83811741187
2.71706120254
2.60001674111
2.48698473225
2.37795005291
2.27288328868
2.17174222232
2.07447326527
1.9810128247
1.8912886005
1.80522080797
1.72272332358
1.64370475236
1.56806941629
1.49571826454
1.42654970663
