4.34441291039
4.34296687005
4.33863204577
4.33141831405
4.3213420901
4.30842625975
4.29270008461
4.27419908126
4.25296487506
4.22904502958
4.20249285263
4.17336718013
4.14173213908
4.10765689109
4.07121535802
4.03248593134
3.99155116681
3.94849746649
3.90341474963
3.85639611453
3.80753749308
3.75693729996
3.70469607843
3.65091614443
3.59570123101
3.53915613475
3.481386366
3.42249780454
3.36259636236
3.3017876549
3.24017668246
3.17786752268
3.11496303576
3.05156458312
2.98777176073
2.92368214789
2.85939107212
2.79499139091
2.73057329072
2.66622410364
2.60202830819
2.53806672172
2.47441735383
2.41115464492
2.34834934928
2.28606919277
2.22437771931
2.16333497383
2.10299729575
2.04341730822
1.98464392218
1.92672235451
1.86969415958
1.81359727325
1.75846606869
1.7043314229
1.65122079336
