47.051981551
46.8522153104
46.2575148761
45.2815239247
43.9464937826
42.2825154156
40.3266094854
38.1214918044
35.7142421576
33.1547896601
30.4944859344
27.7844897764
25.0743393162
22.4105958397
19.8356309821
17.3866226452
15.0947681764
12.9847406349
11.0744076139
9.3747880346
7.89025847041
6.61898279172
5.55351325297
4.6815776483
3.98694819763
3.45040744189
3.0507332591
2.76567214809
2.57285917537
2.4506597786
2.37888860927
2.33940317524
2.31654027118
2.29740534458
2.27200639567
2.23325026795
2.17679544966
2.10080240642
2.00560777595
1.89331915686
1.76737844901
1.63212231708
1.4923462183
1.35290801004
1.21837815877
1.09275827564
0.97926889844
0.880213237149
0.796915822393
0.729731288918
0.678113377069
0.640737859173
0.615658291974
0.600489242129
0.592599575069
0.589299926133
0.588018068654
