67.2537124786
66.9833258799
66.1775944647
64.8526509132
63.0348799532
60.7601720996
58.0729655295
55.0249715567
51.673773704
48.0813148807
44.3122410474
40.4322052311
36.5062391666
32.5971569281
28.7640670798
25.061081029
21.5361684118
18.2302913712
15.1767273964
12.4006860155
9.91917311535
7.74108312694
5.86757183485
4.29259317687
3.00366075768
1.98270882748
1.20710945317
0.650736521021
0.285061290465
0.0802415515916
0.00616133793238
0.0333920107342
0.13404721883
0.282500483622
0.455964150174
0.634906688083
0.803332043212
0.948853778121
1.06268394464
1.13944973478
1.17691200871
1.17558641078
1.1383025251
1.06971165431
0.975782551538
0.863299071242
0.739380522252
0.611046491737
0.484841443224
0.366526792459
0.260856138228
0.171409673415
0.100533906945
0.0493326615239
0.0177430207924
0.00464341814119
0.00803057905996
