9.42140925964
9.41332777416
9.38913715518
9.34899818431
9.29317641132
9.22203858203
9.13604774995
9.03575717952
8.92180317356
8.7948969777
8.65581593013
8.50539403507
8.34451214367
8.17408792596
7.99506581231
7.80840707382
7.61508019802
7.4160516998
7.21227748922
7.00469489775
6.79421544323
6.58171839308
6.36804516432
6.1539945796
5.94031898002
5.72772117949
5.51685223091
5.30830996239
5.10263823224
4.90032684353
4.7018120541
4.50747761425
4.31765626293
4.13263161365
3.95264036242
3.77787475326
3.60848523997
3.44458328772
3.2862442625
3.13351036193
2.98639354618
2.84487843321
2.70892512769
2.57847195817
2.45343810172
2.33372607987
2.21922411352
2.10980832838
2.00534480572
1.90569147591
1.81069985485
1.72021662552
1.63408506834
1.55214634573
1.47424064719
1.40020820205
1.32989016771
