76.3761774699
76.0268788788
74.9869997925
73.2801972476
70.9450833715
68.0339863064
64.611300835
60.7514866737
56.5367322607
52.0545244657
47.394985064
42.6482906363
37.9021122035
33.2392407822
28.7354950441
24.4578718898
20.4631488837
16.7968191923
13.4924971222
10.5717358402
8.0442676147
5.90862385815
4.15311385761
2.75705527269
1.69223943069
0.924600988719
0.41588597129
0.125372867885
0.0115454974918
0.0336195274674
0.152918586291
0.334019051675
0.545662385265
0.761421494154
0.960063561482
1.12569461601
1.24763382452
1.32010932309
1.34173927578
1.31489991754
1.24498622027
1.13962780218
1.00789792425
0.859544467355
0.704298730797
0.551252842209
0.4083925639
0.282203492125
0.177458192101
0.0970983917021
0.0422689687963
0.0124223642862
0.00554143270217
0.018424713796
0.0469992558554
0.0866758764482
0.132683408021
