8.94176579286
8.93468213046
8.91347369747
8.87826764785
8.82927421909
8.76678423794
8.69116569588
8.6028594598
8.50237419854
8.39028061931
8.26720511875
8.13382296129
7.99085110269
7.83904077868
7.67916997815
7.51203591693
7.3384476226
7.15921873266
6.975160599
6.78707578035
6.59575199226
6.40195657148
6.20643149847
6.00988900899
5.81300781307
5.6164299278
5.42075811962
5.2265539417
5.03433634367
4.84458082332
4.65771908426
4.47413915847
4.29418594967
4.11816215108
3.94632949005
3.77891025221
3.61608903844
3.45801470973
3.30480247714
3.15653609672
3.01327013269
2.87503225497
2.74182554135
2.61363075745
2.49040859181
2.37210182642
2.25863742667
2.14992853754
2.04587637605
1.94637201245
1.85129803507
1.76053009603
1.6739383368
1.59138869416
1.51274408866
1.4378654988
1.36661292494
