55.9954568191
55.6172511988
54.4975765134
52.6803989966
50.2361955894
47.257946873
43.8559383206
40.1516864251
36.2714808019
32.3398326282
28.4734171563
24.7757291317
21.3328778657
18.2106567017
15.4530459668
13.0821447912
11.0994160555
9.48809637087
8.21649416037
7.24186822296
6.51457602343
5.98217941767
5.5931983153
5.30030883532
5.06278069046
4.84809748389
4.6326982775
4.40192236221
4.14925699827
3.87503649261
3.58478878928
3.28741072102
2.99336680332
2.71305478347
2.45548129782
2.22731172891
2.03233827939
1.87135719874
1.74239474896
1.64122879828
1.56209012501
1.49844693848
1.44378412832
1.39227922267
1.33932021069
1.28182574026
1.2183539564
1.14901567046
1.07521142573
0.999271425479
0.924016770052
0.852321058685
0.786722841145
0.729118049077
0.680571494597
0.641242531277
0.610443491081
