503.084411751
502.949200211
502.543830711
501.869097608
500.926321507
499.717344284
498.24452217
496.510716925
494.519285162
492.274065872
489.779366235
487.039945795
484.060999084
480.848136805
477.407365673
473.745067028
469.86797434
465.783149729
461.497959628
457.020049715
452.357319249
447.51789494
442.510104488
437.342449915
432.023580834
426.562267759
420.967375603
415.247837463
409.412628817
403.470742236
397.431162716
391.302843721
385.094684028
378.815505451
372.474031525
366.078867199
359.63847962
353.161180021
346.655106796
340.128209753
333.588235604
327.042714683
320.498948918
313.964001052
307.44468511
300.947558098
294.478912923
288.0447725
281.650885031
275.302720416
269.005467747
262.764033874
256.583042959
250.466837008
244.419477296
238.444746665
232.546152614
226.726931145
220.990051297
215.338220321
209.773889431
204.299260087
198.916290738
193.626703992
188.431994139
183.333434996
178.332088005
173.428810548
168.624264436
163.918924512
159.313087351
154.806862031
150.400251782
146.093051746
141.88493268
137.775430498
