8.82219654847
8.81496926715
8.79333444791
8.75743252575
8.70749544309
8.64384352745
8.56688122162
8.47709176298
8.37503093084
8.26131999782
8.13663803471
8.00171372646
7.85731686072
7.70424964885
7.54333803452
7.37542313556
7.20135295242
7.02197446194
6.83812619814
6.65063140423
6.46029182139
6.2678821619
6.07414529642
5.87978816881
5.6854784368
5.49184182328
5.29946015155
5.10887002817
4.92056212923
4.73498104028
4.55252559586
4.37354966234
4.19836330668
4.02723429439
3.8603898611
3.69801870458
3.54027314741
3.38727142374
3.23910004769
3.09581622537
2.95745027646
2.82400803591
2.69547321028
2.57180966758
2.45296364296
2.3388658463
2.22943346117
2.1245720272
2.02417720085
1.92813639172
1.8363302735
1.74863417065
1.66491932286
1.58505403088
1.50890468832
1.43633670421
1.3672153224
