877.07208569
822.111159804
674.103666372
476.507074158
281.48152151
130.136479537
40.0387491641
4.61422595906
2.63778830879
11.3465050972
16.2019979378
13.5699084491
7.16169778631
2.14153565306
0.922212972842
2.45465476379
4.16334059764
4.30380078856
2.963418736
1.41285827679
0.768086375822
1.15247100028
1.85638600214
2.10927568354
1.71013051889
1.0537385363
0.670328436431
0.758426395106
1.08848263453
1.27967497302
1.1475282722
0.820409201792
0.573456477114
0.567800969152
0.733270422035
0.866828293174
0.827954338208
0.649579036063
0.482010980409
0.445547082557
0.530200038502
0.622441748832
0.620261411047
0.518387750857
0.401424150664
0.356860577549
0.398045404016
0.462282156779
0.474450201318
0.415683918198
0.332728246132
0.28911903073
0.3068462243
0.351319573753
0.368582337171
0.335096507648
0.275677036919
