4.67077322886
4.66889923812
4.66328284324
4.65394074385
4.64090066501
4.62420119684
4.60389157198
4.58003138307
4.55269024274
4.5219473892
4.48789124097
4.45061890481
4.410235641
4.36685429075
4.32059467061
4.27158293895
4.2199509397
4.16583552878
4.10937788839
4.05072283452
3.99001812287
3.92741375813
3.8630613115
3.79711325106
3.72972228918
3.66104075111
3.59121996818
3.52040969908
3.448757582
3.37640862009
3.30350470236
3.23018416171
3.15658137136
3.08282638048
3.00904458967
2.93535646634
2.86187729985
2.78871699577
2.71597990869
2.64376471229
2.57216430545
2.50126575291
2.43115025872
2.36189317063
2.29356401356
2.22622654996
2.15993886488
2.09475347382
2.03071745091
1.96787257528
1.90625549361
1.84589789652
1.78682670688
1.72906427794
1.67262859941
1.61753350977
1.56378891282
1.51140099714
1.46037245686
1.41070271225
1.36238812902
1.31542223515
1.26979593408
1.22549771361
1.18251384937
1.14082860246
1.10042441051
1.06128207169
1.02338092127
0.98669900042
0.951213217003
0.916899498236
0.883732935058
0.851687918237
0.82073826621
0.790857344744
