7.16709941978
7.16260277672
7.14913414103
7.12675719318
7.09557740363
7.05574104791
7.00743384867
6.95087926509
6.88633645502
6.81409793985
6.73448700577
6.64785487844
6.55457771031
6.45505342153
6.34969843628
6.23894435606
6.1232346113
6.00302113076
5.87876106642
5.75091360891
5.61993692542
5.48628524869
5.35040614185
5.21273796008
5.07370752582
4.93372803065
4.79319717248
4.65249553344
4.51198519973
4.37200862175
4.23288770957
4.09492315625
3.95839397892
3.82355726578
3.69064811552
3.5598797542
3.43144381392
3.30551075702
3.18223042899
3.06173272364
2.94412834406
2.82950964331
2.71795152971
2.60951242204
2.50423524101
2.40214842443
2.3032669544
2.20759338609
2.11511886868
2.02582415016
1.93968055888
1.85665095564
1.77669065118
1.69974828494
1.62576666178
1.55468354413
1.48643239787
