5.2812641949
5.27909427422
5.27259067265
5.26177183945
5.24666841659
5.22732307945
5.20379031546
5.17613614261
5.1444377698
5.10878320188
5.06927079216
5.02600874614
4.97911457987
4.92871453736
4.87494297105
4.81794169016
4.75785928145
4.69485040741
4.62907508662
4.5606979615
4.48988755811
4.41681554321
4.34165598306
4.26458460896
4.18577809367
4.10541334323
4.02366680806
3.94071381715
3.85672793877
3.77188037072
3.68633936315
3.60026967612
3.51383207418
3.42718285956
3.34047344548
3.25384997038
3.16745295396
3.08141699518
2.9958705122
2.91093552411
2.82672747364
2.74335509001
2.66092029091
2.57951812204
2.49923673282
2.42015738635
2.34235450192
2.26589572784
2.19084204259
2.11724788205
2.04516129048
1.97462409306
1.90567208761
1.83833525317
1.77263797328
1.70859927161
1.64623305784
