529.597257488
529.444022329
528.984646174
528.220115604
527.152070318
525.782796254
524.115216031
522.152876767
519.899935354
517.361141292
514.541817197
511.447837095
508.08560267
504.462017585
500.584460069
496.460753923
492.099138133
487.508235273
482.697018884
477.674780036
472.451093239
467.03578193
461.438883699
455.670615457
449.741338724
443.661525214
437.441722888
431.092522634
424.624525731
418.048312231
411.374410397
404.613267312
397.775220769
390.870472541
383.909063103
376.900847889
369.855475134
362.782365353
355.690692482
348.589366711
341.487019018
334.391987401
327.312304796
320.25568867
313.22953225
306.240897352
299.296508777
292.402750198
285.565661515
278.790937572
272.083928216
265.449639586
258.892736582
252.41754643
246.028063263
239.727953649
233.520562969
227.408922584
221.395757702
215.483495868
209.67427601
203.969957953
198.372132348
192.882130922
187.501037016
182.229696315
177.068727739
172.018534413
167.07931469
162.251073155
157.533631576
152.926639765
148.429586298
144.041809064
139.762505624
135.590729475
