753.943788278
753.611818597
752.617061051
750.962961836
748.655268362
745.701863562
742.112863787
737.900550971
733.079126705
727.664740387
721.675346741
715.130584308
708.051644623
700.461133512
692.382926021
683.842016471
674.864365187
665.476743377
655.706577648
645.581795535
635.130673397
624.381687893
613.363372185
602.104177889
590.632343673
578.975771279
567.16190963
555.217647544
543.16921545
531.042096409
518.86094658
506.649525214
494.430634115
482.226066444
470.056564644
457.941787197
445.900283851
433.949478917
422.105662176
410.383986901
398.798474497
387.362025199
376.086434307
364.982413392
354.059615943
343.326666905
332.791195599
322.459871501
312.338442419
302.43177459
292.743894269
283.278030417
274.036658091
265.021542213
256.233781388
247.673851493
239.341648783
231.236532283
223.357365271
215.702555686
208.2700953
201.057597554
194.062333936
187.281268841
180.711092844
174.348254341
168.188989544
162.229350807
156.46523329
150.892399976
145.506505049
140.303115691
135.277732304
130.425807235
125.742762023
121.224007831
