52.7752717455
52.488577174
51.6372100404
50.2469384912
48.3594576917
46.0305829348
43.3278482611
40.3276578646
37.1120976841
33.7656242984
30.3717350629
27.0098406629
23.7524424889
20.6627672673
17.7929437537
15.182786366
12.8592229231
10.8363492237
9.11607713388
7.68929229066
6.53744457501
5.63444293415
4.94873810854
4.44546581347
4.08852809195
3.84250965512
3.67433547928
3.55460578544
3.45855193647
3.36662584189
3.26468964555
3.14387345562
3.00012868743
2.83354000441
2.64747882041
2.44766833592
2.24122476926
2.03575582999
1.83856239898
1.6559879622
1.49294777793
1.35264260063
1.23646045398
1.14404104996
1.07349314405
1.02170590147
0.984736392456
0.958222568675
0.937785687684
0.919391149113
0.899639053754
0.875970452616
0.846779248566
0.811427343338
0.770181514036
0.724064114406
0.674671407674
