10.8204537373
10.8100925031
10.7790825738
10.72764425
10.6561413208
10.5650760643
10.4550824444
10.3269175569
10.1814515604
10.0196563678
9.84259317547
9.65139922458
9.44727398155
9.23146489994
9.00525347848
8.7699405741
8.52683401361
8.27723429202
8.02242324059
7.76365210247
7.50213203727
7.23902481725
6.97543500653
6.71240350091
6.45090228604
6.19183044472
5.93601137109
5.68419112993
5.43703788332
5.1951422944
4.95901880942
4.72910770918
4.50577782216
4.28932980856
4.07999994169
3.87796376806
3.68334136479
3.49620051599
3.31656243363
3.14440566645
2.97967079413
2.82226480835
2.67206534498
2.5289247242
2.39267379503
2.26312551395
2.14007827532
2.02331874052
1.91262557581
1.80777059821
1.70852196181
1.6146460678
1.52590890698
1.4420782583
1.36292460772
1.28822239146
1.21775095296
