10.5416585301
10.530602583
10.4975334878
10.4427454754
10.3667223173
10.2701276769
10.1537921231
10.0186972811
9.86595767767
9.69680088202
9.51254655963
9.31458504298
9.10435622186
8.88332784137
8.65297721017
8.41477191697
8.17015341574
7.92052224232
7.66722522449
7.41154473814
7.15469000095
6.89779034341
6.64189035514
6.38794677247
6.13682695007
5.88930874487
5.64608163279
5.40774872765
5.17483043414
4.94776727558
4.72692481734
4.51259821342
4.3050172941
4.10435125239
3.91071452279
3.72417148026
3.54474162376
3.37240448337
3.20710432364
3.04875460778
2.89724219766
2.75243127243
2.61416695659
2.48227865397
2.35658308967
2.23688706585
2.12298994103
2.0146858445
1.9117656401
1.8140186541
1.72123418356
1.63320280119
1.54971747339
1.47057450742
1.39557434375
1.32452220849
1.25722864041
