386.669894526
386.596924909
386.378110265
386.013732982
385.504262973
384.850356568
384.052854973
383.112782297
382.031343156
380.809919863
379.450069209
377.953518849
376.322163309
374.558059624
372.663422621
370.640619864
368.492166287
366.220718514
363.829068904
361.320139335
358.696974736
355.962736412
353.120695161
350.174224216
347.126792034
343.981954958
340.74334976
337.414686113
333.99973899
330.502341028
326.926374875
323.275765543
319.554472791
315.766483548
311.91580442
308.006454274
304.042456938
300.027834032
295.966597935
291.862744928
287.720248509
283.5430529
279.335066771
275.100157176
270.842143732
266.564793034
262.27181333
257.966849455
253.653455105
249.335180241
245.01542869
240.697546488
236.384795096
232.080348037
227.787287817
223.508624514
219.247207517
215.005852354
210.787252503
206.593999381
202.428580982
198.293380796
194.190676982
190.122641809
186.091341345
182.098735394
178.146677661
174.236916157
170.371093804
166.550749264
162.777317955
159.052133259
155.376427904
151.751335517
148.177892325
144.65703901
