696.024147698
667.807883621
588.801122018
474.361233622
345.379368115
222.851189419
122.915173573
53.797587839
15.3703903829
1.09071765693
1.34216599884
6.88850116415
11.3200480134
11.9336741892
9.13629706874
4.97509297659
1.56893640823
0.065540977309
0.38135065726
1.59781515972
2.64218992509
2.85842788129
2.22174718991
1.18599842995
0.32534454045
0.000682068918072
0.213377691124
0.680575926075
1.0459503695
1.08676279369
0.808350041357
0.397056043357
0.0831370484486
0.00471265207608
0.146513219822
0.373330504173
0.526056108765
0.514368718019
0.357190293657
0.15493907973
0.0205185629232
0.0126135802203
0.109748409442
0.233730930836
0.301824701494
0.275171997179
0.175344758445
0.0643709103083
0.00354272136159
0.0179661866315
0.0862623452176
0.158240963783
0.187578198229
0.158410272105
0.0911627157047
0.0267207052178
0.000150806583122
