461.915651196
461.811023059
461.497301263
460.974973189
460.244849599
459.308062341
458.16606114
456.8206095
455.273779733
453.527947133
451.585783317
449.45024877
447.124584614
444.612303649
441.91718069
439.043242241
435.994755566
432.776217169
429.39234077
425.848044779
422.148439366
418.298813135
414.304619481
410.171462672
405.905083709
401.511346019
396.99622103
392.365773687
387.62614795
382.783552334
377.844245537
372.814522203
367.700698868
362.509100131
357.246045099
351.917834137
346.530735975
341.090975189
335.604720114
330.078071193
324.517049813
318.92758764
313.315516483
307.686558698
302.046318163
296.400271824
290.75376183
285.111988268
279.480002499
273.862701102
268.264820423
262.690931733
257.145436981
251.632565148
246.156369184
240.720723521
235.329322148
229.985677238
224.693118298
219.454791847
214.273661579
209.152509007
204.093934561
199.100359116
194.174025936
189.317002994
184.531185664
179.818299747
175.179904808
170.617397806
166.132016983
161.724845998
157.396818272
153.148721523
148.981202476
144.894771708
