2.83911191846
2.83848321762
2.83659808005
2.83345939785
2.8290719821
2.82344254929
2.8165797024
2.80849390669
2.79919746034
2.78870446005
2.77703076175
2.76419393653
2.75021322211
2.73510946989
2.71890508789
2.70162397987
2.68329148068
2.66393428838
2.64358039314
2.62225900336
2.60000046933
2.57683620452
2.55279860509
2.52792096769
2.50223740602
2.47578276632
2.44859254227
2.42070278943
2.39215003965
2.36297121571
2.33320354643
2.30288448262
2.27205161412
2.24074258807
2.20899502891
2.17684646009
2.14433422787
2.1114954274
2.07836683123
2.04498482048
2.01138531877
1.97760372917
1.94367487422
1.90963293906
1.87551141805
1.84134306455
1.80715984438
1.77299289259
1.73887247389
1.70482794657
1.67088773004
1.63707927587
1.60342904236
1.56996247264
1.53670397613
1.5036770336
1.47090370714
1.43840534524
1.40620210395
1.37431293315
1.34275609096
1.31154837914
1.28070565872
1.25024273163
1.22017335146
1.19051023664
1.16126508566
1.13244859433
1.10407047485
1.07613947658
1.04866340841
1.02164916251
0.995102739352
0.969029273867
0.943433062635
0.918317591897
