2.50179293987
2.50129439683
2.49979946694
2.49731024608
2.49383022129
2.48936426167
2.48391860568
2.47750084487
2.47011990421
2.46178601891
2.45251070807
2.44230674497
2.43118812442
2.41917002704
2.40626878079
2.39250181979
2.37788764066
2.36244575646
2.34619664851
2.32916171618
2.31136322492
2.2928242526
2.27356863451
2.2536209071
2.23300625066
2.21175043128
2.18987974208
2.16742094409
2.14440120685
2.12084804906
2.09678927933
2.07225293727
2.04726723517
2.02186050037
1.99606111845
1.96989747753
1.94339791374
1.91659065801
1.88950378439
1.86216515987
1.83460239606
1.80684280259
1.77891334249
1.75084058959
1.72265068797
1.69436931366
1.66602163848
1.63763229619
1.60922535092
1.58082426799
1.55245188699
1.5241303973
1.49588131593
1.46772546773
1.43968296789
1.41177320676
1.38401483699
1.3564257628
1.32902313153
1.30182332721
1.2748419663
1.24809389536
1.22159319066
1.19535315968
1.16938634432
1.1437045259
1.11831873166
1.09323924288
1.06847560439
1.04403663546
1.01993044186
0.996164429254
0.972745317474
0.949679155941
0.9269714082
0.904626697612
