2.66521091181
2.66463206863
2.66289643856
2.6600067174
2.65596738936
2.65078471389
2.64446670734
2.63702311958
2.6284654055
2.61880669182
2.60806173904
2.59624689892
2.58338006761
2.56948063459
2.55456942776
2.53866865477
2.52180184099
2.50399376425
2.48527038679
2.46565878453
2.44518707405
2.42388433762
2.40178054649
2.3789064828
2.3552936604
2.3309742449
2.30598097327
2.28034707323
2.25410618282
2.22729227033
2.19993955495
2.1720824284
2.14375537776
2.11499290978
2.08582947691
2.05629940524
2.02643682459
1.99627560094
1.96584927133
1.93519098146
1.90433342606
1.87330879226
1.84214870591
1.81088418115
1.77954557308
1.74816253381
1.71676397177
1.68537801438
1.65403197408
1.62275231776
1.59156463946
1.56049363646
1.52956308861
1.49879584087
1.46821378904
1.43783786851
1.40768804609
1.37778331465
1.34814169062
1.31878021416
1.28971495188
1.26096100202
1.23253250203
1.20444263822
1.17670365756
1.14932688145
1.12232272116
1.09570069508
1.06946944737
1.04363676812
1.01820961469
0.993194134215
0.968595687077
0.944418871319
0.920667547745
0.897344865691
