2.20223820438
2.20186697791
2.20075372728
2.19889973788
2.19630714902
2.19297894941
2.18891897092
2.18413188045
2.17862317024
2.17239914629
2.16546691525
2.15783436963
2.1495101714
2.1405037341
2.13082520345
2.12048543659
2.10949597986
2.09786904544
2.08561748663
2.07275477213
2.05929495914
2.04525266553
2.03064304115
2.01548173821
1.99978488108
1.98356903528
1.96685117608
1.94964896244
1.93197917501
1.91386074291
1.89531165153
1.87635043926
1.85699585865
1.8372668435
1.81718247606
1.79676195458
1.77602456104
1.75498962931
1.73367651381
1.71210455858
1.69029306709
1.66826127263
1.64602830941
1.62361318452
1.60103475066
1.57831167979
1.5554624377
1.5325052596
1.50945812668
1.48633874375
1.46316451798
1.4399525387
1.41671955841
1.3934819749
1.3702558145
1.34705671662
1.32389991937
1.3008002464
1.27777209498
1.25482942521
1.23198579983
1.20925417915
1.18664720715
1.16417701079
1.14185524337
1.1196930806
1.09770121769
1.07588986757
1.05426876001
1.03284714181
1.01163377792
0.990636953391
0.969864476305
0.949323617075
0.929021369461
0.908964072761
