3161.51951581
2608.03223688
1403.01481062
405.8472803
22.0067914855
23.6482098235
54.9165684507
22.5995432195
0.0687778525905
8.87490587801
12.1330248645
2.91725335293
0.504604116932
4.59329908728
3.67416131391
0.258098981348
0.95701062464
2.46695165474
1.08822852368
0.00870585651119
0.989304039326
1.2507696242
0.235334953652
0.155853621171
0.810231996955
0.557430769112
0.0142087300526
0.283911462126
0.558794401786
0.193416140099
0.0214299508597
0.320071296667
0.324223604382
0.0362393477786
0.0850759462332
0.280434268296
0.151972701503
0.00287824576238
0.137395407091
0.201648838279
0.0489833134156
0.0238741424505
0.147949471134
0.118163717771
0.00653957276825
0.0572297033146
0.127883675071
0.0525463866282
0.00515944109934
0.0785734774146
0.0897864898548
0.0141086563689
0.0214967394885
0.0805913656258
0.0497651141515
0.00233979102888
0.0409576414358
