10.1511669798
10.1413668481
10.1120430515
10.0634241088
9.99588666724
9.90994930578
9.80626411092
9.68560626308
9.54886192031
9.39701472237
9.23113126218
9.05234588109
8.86184514176
8.66085231762
8.45061221317
8.23237659646
8.00739048635
7.77687949431
7.54203837636
7.30402090614
7.06393113762
6.82281608636
6.58165982236
6.34137893667
6.10281931792
5.86675415385
5.63388305742
5.40483220575
5.18015537352
4.96033574005
4.74578834921
4.53686310553
4.3338481948
4.13697382533
3.94641619437
3.76230159375
3.58471057846
3.41368213201
3.24921777175
3.09128554717
2.9398238925
2.79474530342
2.65593981475
2.523278263
2.39661532304
2.2757923136
2.16063977036
2.05097978907
1.94662814422
1.8473961909
1.75309255956
1.66352465457
1.57849996846
1.49782722449
1.42131736005
1.34878436404
1.28004598059
