668.504180549
668.25140867
667.493824132
666.23361597
664.474418434
662.221289911
659.480683707
656.260410951
652.569595983
648.418624641
643.819085919
638.783707539
633.326286014
627.461611832
621.205390403
614.574159458
607.5852036
600.256466684
592.606462758
584.654186229
576.419021946
567.920655846
559.178986776
550.214040103
541.045883621
531.694546296
522.179940272
512.521786571
502.739544813
492.852347275
482.878937536
472.837613886
462.74617767
452.621886631
442.48141332
432.340808571
422.215469989
412.12011538
402.068761014
392.074704558
382.150512519
372.308011994
362.558286501
352.911675665
343.377778506
333.965460062
324.682861095
315.537410597
306.535840832
297.684204651
288.987894797
280.451664966
272.079652345
263.875401414
255.841888759
247.981548687
240.296299435
232.787569779
225.456325861
218.303098075
211.328007851
204.530794203
197.910839922
191.467197291
185.19861324
179.103553837
173.180228058
167.426610768
161.840464856
156.419362495
151.160705483
146.061744651
141.119598315
136.331269773
131.693663839
127.20360242
