499.245241457
499.122426698
498.754190374
498.1411557
497.284359221
496.1852476
494.845673147
493.267888103
491.45453771
489.408652094
487.133637006
484.633263458
481.911656299
478.973281797
475.822934259
472.465721774
468.907051127
465.152611956
461.208360222
457.080501059
452.775471086
448.299920249
443.66069327
438.864810785
433.919450241
428.831926632
423.609673156
418.260221853
412.791184313
407.210232519
401.52507989
395.743462608
389.873121264
383.921782921
377.897143617
371.806851391
365.658489862
359.459562417
353.217477058
346.939531924
340.632901552
334.304623881
327.961588041
321.610522943
315.257986687
308.910356797
302.573821309
296.254369967
289.957789659
283.689655521
277.455323211
271.259929956
265.108386681
259.005375829
252.955349023
246.962525494
241.030891223
235.164198803
229.36596797
223.639486784
217.987813421
212.413778552
206.919988265
201.508827507
196.182463993
190.942852574
185.791739993
180.730670027
175.760988956
170.883851333
166.10022602
161.410902456
156.816497116
152.317460148
147.914082127
143.606500927
