12.8943099471
12.8787285282
12.8321239202
12.7549126551
12.6477812471
12.5116747499
12.3477812561
12.1575125143
11.9424809087
11.7044753561
11.4454319464
11.1674054262
10.8725394915
10.5630355494
10.2411239066
9.90903359426
9.56896541946
9.22306679457
8.87340789141
8.52196174155
8.17058661313
7.82101188037
7.47482698947
7.13347319279
6.79823883615
6.47025764153
6.15050866377
5.83982013948
5.53887420825
5.24821384434
4.96825168243
4.69927903572
4.44147635151
4.19492416245
3.95961333376
3.73545649675
3.52229926181
3.31992883121
3.12808466374
2.94646707688
2.77474536659
2.61256513347
2.45955480578
2.31533144212
2.17950529805
2.05168505397
1.93148029402
1.81850518816
1.7123807434
1.61273695924
1.51921434948
1.43146508371
1.34915421187
1.2719602084
1.19957516413
1.131705542
1.06807194064
