1791.32513655
1225.27374186
327.729462809
16.4174276912
42.2184819186
25.6287057404
13.4559837018
19.287293639
12.2862513238
12.6384805142
12.4006734766
9.78208634724
10.5496387808
9.05454307248
8.41129899151
8.32309119151
7.14085606575
7.08010082725
6.47719541442
5.88808438497
5.76614020335
5.12847994895
4.91494147069
4.61175407158
4.18420726622
4.0672298898
3.69733541217
3.4893088455
3.32352264884
3.02526733439
2.92466122766
2.70715776612
2.53423507172
2.43096133035
2.23098530162
2.14421028987
2.01579678698
1.87665863063
1.81362069268
1.67766608486
1.60216300641
1.52463284426
1.41757000122
1.37274324542
1.28057054887
1.21629933981
1.17015506314
1.08918337068
1.0523043226
0.993292808591
0.939425178574
0.908913067736
0.849136863483
0.818474927892
0.779445197864
0.733870788172
0.71414743406
