4.54042025976
4.53882027601
4.53402421922
4.52604375531
4.51489826961
4.50061478035
4.4832278185
4.46277927459
4.43931821359
4.41290065912
4.38358934839
4.35145345943
4.31656831253
4.27901504768
4.23888028015
4.19625573645
4.15123787285
4.10392747896
4.05442926866
4.00285146098
3.94930535338
3.89390488987
3.8367662265
3.77800729666
3.7177473785
3.65610666684
3.59320585178
3.52916570603
3.46410668313
3.3981485282
3.33140990312
3.26400802764
3.19605833784
3.12767416318
3.05896642336
2.99004334565
2.92101020377
2.85196907863
2.78301864159
2.71425396027
2.64576632726
2.57764311145
2.50996763207
2.44281923672
2.37627249654
2.3103982222
2.24526271086
2.18092770217
2.11745117453
2.05488617136
1.99328162367
1.93268220345
1.87312838803
1.81465653825
1.75729898923
1.70108415264
1.64603662924
