3.37853542484
3.37762957648
3.37491373294
3.37039299294
3.36407583458
3.35597408585
3.34610288349
3.3344806205
3.32112888263
3.30607237397
3.28933883229
3.2709589344
3.25096619208
3.22939683909
3.20628970989
3.18168611062
3.15562968304
3.12816626207
3.09934372768
3.06921185178
3.03782214091
3.00522767545
2.97148294611
2.93664368844
2.90076671613
2.86390975378
2.82613126996
2.78749031119
2.74804633756
2.70785906064
2.66698828434
2.62549374926
2.58343498119
2.54087114422
2.49786089895
2.45446226629
2.41073249728
2.3667279492
2.32250396839
2.27811477999
2.23361338486
2.18905146395
2.14447929001
2.09994564712
2.0554977577
2.01118121736
1.96703993731
1.92311609446
1.87945008896
1.8360805092
1.793044104
1.75037576182
1.70810849686
1.66627344169
1.62489984622
1.58401508275
1.54364465675
1.50381222307
1.46453960733
1.42584683206
1.3877521473
1.35027206538
1.31342139938
1.27721330514
1.24165932626
1.20676944199
1.17255211738
1.1390143557
1.10616175255
1.0739985515
1.04252770089
1.01175091156
0.981668715175
0.952280523
0.923584684728
0.895578547254
