798.649989812
761.577071426
658.830140781
513.132462925
354.423681173
211.077148242
102.521734403
35.6184832458
5.55778431721
0.237574364986
5.97300197847
12.2259591918
13.8726469253
10.7966390241
5.70868255797
1.59810229862
0.0166972720441
0.694357791856
2.24158784363
3.24620857104
3.06469256104
1.96919983166
0.736526927863
0.0543531685081
0.127199578446
0.662975614976
1.15984735959
1.25741251728
0.927560887579
0.423403540503
0.0644957868187
0.0229255350098
0.241120257139
0.508734771327
0.622686941655
0.51514568903
0.274536783435
0.0635874535564
0.00201733456631
0.0958688925053
0.249965876138
0.344237334807
0.315759865217
0.19158194242
0.0591362457923
0.000473824277288
0.038940827365
0.131254893232
0.204113062086
0.206332545433
0.140264673697
0.0537168130594
0.00316628771437
0.014956021834
0.0712200159436
0.126345244649
0.14059636913
