2.98756900786
2.98687595646
2.98479791272
2.98133820477
2.97650236865
2.97029813199
2.96273539138
2.9538261834
2.94358464947
2.93202699465
2.9191714407
2.90503817335
2.88964928431
2.87302870805
2.85520215372
2.83619703242
2.81604238031
2.79476877764
2.7724082642
2.74899425155
2.72456143224
2.69914568659
2.67278398724
2.64551430187
2.61737549466
2.58840722653
2.55864985483
2.52814433278
2.49693210889
2.4650550269
2.43255522652
2.39947504525
2.36585692176
2.33174330091
2.29717654099
2.26219882325
2.22685206402
2.19117782978
2.15521725528
2.11901096497
2.08259899798
2.04602073666
2.00931483907
1.97251917529
1.93567076786
1.89880573628
1.86195924582
1.82516546042
1.78845750003
1.75186740206
1.71542608725
1.67916332966
1.64310773091
1.60728669854
1.57172642844
1.53645189116
1.50148682225
1.46685371612
1.43257382373
1.39866715364
1.36515247642
1.33204733224
1.29936804156
1.26712971855
1.23534628732
1.20403050063
1.17319396092
1.14284714356
1.11299942206
1.08365909512
1.0548334153
1.02652861918
0.998749958845
0.97150173442
0.944787327681
0.918609236407
