7.79600126567
7.78658894053
7.75898740888
7.71475486365
7.65560988363
7.58283826684
7.49723190273
7.39943330343
7.29027661222
7.17084846177
7.04232263391
6.90579833048
6.76227755403
6.61272995223
6.45812852373
6.29941978067
6.13748124256
5.97311641435
5.8070770035
5.6400736026
5.47276370273
5.30573899544
5.1395295707
4.97461664585
4.81143700251
4.65037797166
4.49177512423
4.33591866016
4.18306151509
4.03342144199
3.88717925665
3.74448030068
3.60544028105
3.47015019856
3.33867725163
3.21106460932
3.08733377443
2.96748926615
2.851521075
2.73940500408
2.6311030868
2.52656604694
2.42573620682
2.3285486704
2.23493123968
2.14480514016
2.05808702542
1.97469065373
1.89452716272
1.81750491052
1.74353024423
1.67250892559
1.60434691067
1.53895018323
1.47622467233
1.41607695509
1.35841513006
1.30314899335
1.25018971538
1.19944988212
1.15084408228
1.10428933991
1.05970494261
1.01701212006
0.976134178884
0.936996939279
0.899528858614
0.863660732645
0.829325414157
0.796458050645
0.76499634396
0.734880398223
0.706052465525
0.678456830491
0.652039984561
0.626750724025
