718.580231255
718.276374927
717.365825721
715.851635809
713.738868354
711.034562126
707.747682566
703.889059871
699.471314841
694.508773349
689.017370419
683.014544999
676.51912659
669.551214976
662.132054307
654.283902857
646.02989973
637.393929818
628.40048825
619.074545536
609.441414554
599.526620423
589.355774263
578.954451712
568.348076989
557.561813182
546.620459338
535.548354823
524.369291316
513.106432703
501.782243028
490.418422584
479.035852125
467.654545109
456.293607811
444.971207081
433.704545453
422.509843299
411.402327633
400.39622719
389.504773331
378.740206348
368.113786716
357.635810815
347.315630688
337.16167737
327.181487334
317.38173165
307.768247416
298.346071079
289.119473275
280.091994821
271.266483548
262.645131653
254.229513313
246.02062228
238.018909249
230.224318786
222.636325625
215.25397019
208.075893192
201.100369187
194.325338999
187.748440921
181.36704064
175.178259829
169.179003375
163.365985222
157.735752823
152.284710192
147.009139573
141.905221745
136.969054982
132.196672706
127.584059855
123.12716803
