51.8999955513
51.6297620797
50.826885523
49.5145118135
47.7301484438
45.5241184517
42.9574992502
40.0996683221
37.0255477159
33.8127051581
30.5384355226
27.2769857032
24.096979142
21.0592596505
18.2151329241
15.6051389773
13.2583486651
11.1922263171
9.41299070774
7.9164517237
6.68925914622
5.71044030563
4.95316636435
4.38661200481
3.97782223454
3.69348871931
3.50154262115
3.37250811092
3.28055740211
3.20424584166
3.12691473076
3.03678109948
2.9267337265
2.79389077189
2.63896154331
2.46548485043
2.27900072592
2.08621153059
1.89419707039
1.70972108657
1.53866704067
1.3856272781
1.25365024521
1.14414935308
1.05695121252
0.990476909754
0.94200750551
0.908017293871
0.884536611764
0.867507439765
0.853111232117
0.838040767905
0.819702118193
0.79633885168
0.767066113513
0.731846803408
0.691378334515
