432.090790334
431.999089003
431.724118696
431.266280106
430.626239871
429.804928798
428.803539384
427.623522655
426.266584322
424.734680275
423.030011433
421.155017972
419.112372949
416.904975351
414.535942595
412.008602508
409.326484816
406.49331218
403.512990805
400.389600666
397.127385381
393.730741773
390.204209152
386.552458369
382.780280667
378.892576374
374.894343485
370.790666157
366.586703169
362.287676378
357.898859213
353.425565242
348.873136844
344.246934031
339.552323437
334.79466753
329.979314045
325.111585702
320.196770205
315.240110572
310.246795803
305.221951909
300.170633336
295.09781478
290.008383427
284.907131617
279.798749955
274.68782087
269.578812633
264.476073838
259.383828352
254.306170731
249.247062103
244.210326517
239.199647759
234.218566614
229.270478588
224.358632061
219.486126876
214.65591335
209.870791685
205.133411779
200.446273413
195.811726807
191.231973519
186.709067681
182.244917545
177.841287334
173.499799361
169.221936422
165.009044423
160.862335233
156.782889749
152.771661138
148.829478259
144.957049233
