7.62037300668
7.61492620999
7.59861717789
7.57153960064
7.53384835789
7.48575764118
7.42753838132
7.35951503454
7.2820617933
7.19559829772
7.10058493142
6.99751779062
6.88692341804
6.76935339332
6.64537886957
6.51558514155
6.38056632471
6.24092021733
6.09724340908
5.95012669028
5.80015080625
5.64788259135
5.49387150785
5.33864660501
5.18271390564
5.0265542191
4.8706213729
4.71534084871
4.56110880367
4.40829145362
4.25722479156
4.10821461248
3.961536814
3.81743794167
3.67613594754
3.53782113127
3.4026572337
3.2707826546
3.14231176753
3.017336307
2.89592680499
2.77813405605
2.66399059251
2.55351215348
2.44669913329
2.34353799742
2.24400265558
2.14805578373
2.05565008828
1.96672950743
1.88123034598
1.79908234116
1.72020965807
1.64453181447
1.5719645354
1.50242053863
1.4358102529
