91.714205171
91.2091491118
89.7078673974
87.2514651337
83.9067124921
79.7634837125
74.9313490095
69.5355145337
63.7121822656
57.6035966979
51.3530831165
45.1001732995
38.9760023334
33.0992976252
27.572984779
22.4816392445
17.8897332417
13.8408139373
10.3575922408
7.44284077384
5.08107839515
3.24080836414
1.87733611608
0.935860054027
0.354736823269
0.068756983293
0.0122358048664
0.121859425545
0.33908452643
0.612089925962
0.897171649016
1.15960428279
1.37396795447
1.52386125892
1.60135079698
1.60592694319
1.54322807153
1.42359223311
1.26052336354
1.06925228805
0.865295395742
0.663275019281
0.475942998435
0.313476390112
0.183026248842
0.088554638449
0.0309368397081
0.00823881469659
0.0162106654838
0.0488383532423
0.0990153538074
0.159193905832
0.221992720049
0.280754693085
0.32995367502
0.365512281999
0.384945907151
