3.85187041599
3.85073824343
3.84734400046
3.84169450284
3.83380108249
3.82367954609
3.81135011741
3.7968373638
3.78017010703
3.76138131924
3.74050800429
3.71759106529
3.69267515907
3.66580853821
3.63704288161
3.60643311435
3.57403721795
3.53991603181
3.50413304704
3.46675419349
3.4278476213
3.38748347783
3.34573368111
3.30267169099
3.25837227886
3.21291129719
3.16636544981
3.11881206398
3.07032886518
3.02099375567
2.9708845975
2.92007900111
2.86865412007
2.81668645276
2.7642516518
2.71142434164
2.65827794509
2.60488451911
2.55131460035
2.4976370609
2.44391897432
2.39022549245
2.33661973302
2.2831626781
2.22991308367
2.17692739999
2.12425970305
2.07196163659
2.02008236485
1.96866853563
1.91776425349
1.86741106264
1.81764793946
1.76851129388
1.72003497958
1.67225031236
1.62518609626
