144.152036157
142.928092529
139.308087275
133.444370211
125.580911205
116.038979441
105.198642137
93.4771970927
81.306200225
69.1084386773
57.2765004875
46.154183904
36.021962884
27.0871358922
19.4791009887
13.24980838
8.37889568459
4.782955733
2.32790150873
0.843261681607
0.137465489043
0.0125953409798
0.277929045357
0.761236221998
1.31722789739
1.83295232028
2.22996869236
2.46357256932
2.51952303094
2.40880865964
2.16117798995
1.81814196066
1.42611748132
1.03036064713
0.669958062572
0.374442187267
0.161905845969
0.0385945280888
-1.28111287358e-06
0.0328435705624
0.117824128411
0.232640214208
0.354949432781
0.464928872309
0.547215957989
0.592131974634
0.596039038084
0.561004814048
0.49382262042
0.404619630942
0.30520340864
0.207436227139
0.121774068103
0.0561255340832
0.0151822450684
0.000144662395613
0.00894265352994
