11.5094246981
11.4974534441
11.4616331451
11.4022427672
11.3197425454
11.2147670392
11.0881156432
10.9407407077
10.7737339433
10.5883104805
10.3857919764
10.1675889286
9.93518165611
9.69010162605
9.43391263395
9.16819197385
8.89451496965
8.61443471459
8.32947017408
8.04109147695
7.75070683149
7.4596530093
7.1691865299
6.88047631543
6.59459921489
6.31253605148
6.03516984116
5.76328535181
5.49756998679
5.23861584283
4.98692278436
4.74290237423
4.50688250203
4.27911255662
4.05976899763
3.84896119161
3.64673739422
3.45309074259
3.26796525765
3.09126156158
2.92284258412
2.76253890354
2.6101535304
2.4654669903
2.32824143261
2.19822467121
2.07515382196
1.95875847937
1.84876373697
1.74489266862
1.64686858589
1.55441697109
1.46726712707
1.38515356544
1.30781701146
1.23500591399
1.16647631701
