632.308721987
632.108180208
631.506997814
630.506501827
629.108897931
627.317261486
625.135525017
622.56846227
619.621668923
616.301540073
612.615244631
608.570696797
604.176524762
599.442036849
594.377185269
588.992527732
583.299187111
577.308809411
571.03352026
564.485880195
557.678838959
550.625689076
543.340018947
535.835665709
528.126668102
520.227219575
512.151621863
503.914239255
495.529453752
487.011621334
478.375029499
469.633856261
460.802130763
451.893695647
442.922171308
433.900922153
424.843024952
415.761239372
406.667980747
397.575295156
388.494836813
379.437847816
370.415140242
361.437080589
352.513576532
343.654065975
334.86750833
326.162377985
317.546659883
309.02784714
300.612940614
292.308450339
284.120398717
276.054325385
268.115293622
260.307898213
252.636274647
245.10410953
237.71465211
230.470726799
223.374746572
216.428727138
209.634301778
202.992736738
196.504947074
190.17151286
183.992695657
177.968455154
172.098465898
166.382134038
160.818613994
155.406825005
150.145467466
145.033039017
140.067850318
135.248040473
