3.73426894132
3.73316928658
3.7298725776
3.72438557152
3.7167195018
3.70689003577
3.69491721544
3.68082538212
3.66464308506
3.64640297477
3.62614168155
3.60389968003
3.57972114023
3.55365376633
3.52574862367
3.49605995517
3.46464498811
3.43156373223
3.39687877032
3.36065504231
3.32295962407
3.28386150192
3.24343134411
3.20174127033
3.1588646203
3.11487572266
3.06984966513
3.02386206704
2.97698885513
2.92930604365
2.88088951971
2.83181483456
2.78215700174
2.73199030278
2.6813881011
2.63042266473
2.57916499837
2.52768468527
2.47604973924
2.42432646729
2.37257934291
2.32087089043
2.26926158032
2.21780973572
2.16657145004
2.11560051559
2.06494836312
2.01466401215
1.96479403176
1.91538251157
1.86647104275
1.81809870843
1.77030208341
1.72311524251
1.67656977727
1.63069482046
1.58551707791
1.5410608672
1.49734816271
1.45439864638
1.41222976389
1.37085678554
1.33029287142
1.29054914032
1.25163474194
1.21355693183
1.17632114866
1.13993097773
1.10438868322
1.06969476512
1.03584793451
1.00284588076
0.970684837929
0.939359792768
0.908864565758
0.879191891042
