465.7176914
465.605288973
465.26827511
464.707229432
463.923115888
462.917279632
461.69144267
460.24769831
458.588504428
456.716675591
454.635374078
452.348099831
449.858679409
447.171253966
444.290266344
441.220447317
437.966801067
434.534589956
430.929318657
427.156717734
423.222726727
419.133476831
414.895273242
410.514577241
405.997988102
401.352224895
396.584108256
391.700542208
386.708496086
381.61498666
376.427060502
371.151776665
365.796189748
360.367333385
354.872204226
349.31774645
343.710836863
338.058270616
332.36674759
326.642859459
320.893077493
315.123741089
309.34104708
303.551039813
297.759602027
291.972446521
286.195108628
280.432939488
274.691100112
268.974556238
263.288073963
257.636216125
252.023339444
246.453592378
240.930913675
235.459031611
230.04146387
224.68151805
219.382292755
214.146679247
208.977363634
203.876829543
198.847361257
193.891047286
189.009784323
184.205255822
179.479040297
174.832459792
170.266690038
165.782739485
161.38147711
157.063548707
152.829518202
148.67978269
144.614601483
140.63410229
