2.73173068184
2.73115535047
2.72943018978
2.72655769784
2.72254203073
2.71738899156
2.71110601507
2.7037021481
2.69518802568
2.68557584312
2.67487932412
2.66311368491
2.65029559477
2.63644313288
2.62157574183
2.60571417787
2.58888045812
2.57109780494
2.55239058768
2.53278426202
2.51230530715
2.49098116091
2.46884015337
2.44591143874
2.42222492624
2.39781120981
2.3727014972
2.3469275385
2.3205215544
2.29351616444
2.26594431546
2.23783921053
2.20923423843
2.18016290411
2.15065876019
2.12075533973
2.09048609044
2.05988431059
2.0289830867
1.99781523321
1.96641323424
1.93480918763
1.90303475134
1.87112109231
1.83909883794
1.80699803014
1.77484808224
1.74267773859
1.71051503698
1.67838727404
1.64632097343
1.61434198099
1.58247494284
1.55074402578
1.51917240174
1.48778235408
1.45659513843
1.4256314693
1.39491076309
1.36445163002
1.33427174552
1.30438784858
1.27481574258
1.2455702983
1.21666545918
1.18811424862
1.15992877921
1.13212026393
1.10469902899
1.07767452837
1.05105535987
1.02484928255
0.99906323552
0.973703357871
0.948775009684
0.924282794016
