4.30956175388
4.30803830745
4.3034718215
4.29587383762
4.28526353059
4.27166761695
4.25512022806
4.23566274842
4.21334362052
4.18821811762
4.1603480861
4.12980165924
4.09665294442
4.06098168606
4.02287290654
3.98241652759
3.93970697483
3.89484276796
3.84792609947
3.79906240442
3.7483599242
3.69592926687
3.64188296674
3.58633504594
3.52940058028
3.47119527198
3.41183503151
3.35143557066
3.29011200892
3.22797849487
3.16514784445
3.10173119741
3.0378376933
2.97357416822
2.90904487308
2.84435121422
2.77959151693
2.71486081215
2.65025064672
2.58584891692
2.52173972551
2.4580032616
2.39471570323
2.33194914193
2.26977152855
2.20824663969
2.14743406375
2.08738920568
2.02816330929
1.96980349623
1.91235282027
1.85585033586
1.80033117973
1.74582666433
1.69236438188
1.63996831787
1.58865897284
1.53845349123
1.48936579622
1.44140672948
1.39458419481
1.34890330455
1.30436652805
1.26097384111
1.21872287563
1.17760906878
1.13762581088
1.09876459137
1.06101514235
1.02436557907
0.98880253698
0.954311304863
0.920875953798
0.888479461539
0.857103832128
0.826730210537
