7.50173904263
7.49711911541
7.48327966035
7.46028148876
7.42822539278
7.38725131308
7.33753718829
7.27929750107
7.21278153894
7.13827139158
7.0560797094
6.96654725064
6.8700402464
6.76694761483
6.65767805661
6.54265706463
6.42232388087
6.29712843309
6.16752828309
6.03398561707
5.89696430684
5.75692706868
5.61433274434
5.4696337259
5.32327354367
5.17568463322
5.02728629479
4.87848285502
4.72966203843
4.58119355265
4.43342788904
4.28669533732
4.14130521078
3.99754527609
3.85568137991
3.71595726271
3.57859454875
3.44379289997
3.31173032062
3.18256359856
3.05642886911
2.9334422867
2.81370078985
2.69728294503
2.58424985539
2.4746461209
2.36850083694
2.26582861935
2.16663064446
2.07089569396
1.97860119489
1.88971424646
1.80419262608
1.72198576807
1.64303570942
1.56727799799
1.49464255909
