600.872179463
600.691856246
600.151262389
599.251523825
597.994512305
596.382838211
594.419840566
592.109574276
589.4567947
586.46693962
583.146108724
579.501040712
575.539088164
571.268190301
566.696843802
561.834071825
556.689391421
551.272779493
545.594637513
539.665755153
533.497273042
527.100644834
520.487598775
513.670098963
506.660306497
499.470540684
492.113240503
484.600926484
476.946163188
469.161522435
461.259547428
453.252717942
445.153416674
436.973896907
428.726251578
420.422383864
412.073979365
403.692479962
395.289059412
386.874600742
378.459675466
370.054524665
361.669041943
353.312758271
344.994828696
336.72402093
328.508705766
320.356849305
312.276006942
304.273319078
296.355508474
288.528879213
280.799317187
273.172292028
265.652860428
258.245670745
250.954968823
243.78460494
236.738041785
229.818363395
223.028284948
216.370163329
209.84600838
203.457494759
197.205974304
191.092488837
185.117783325
179.282319312
173.586288569
168.029626868
162.612027834
157.332956801
152.191664621
147.187201363
142.318429868
137.584039086
