2.53741945569
2.5369218319
2.53542963315
2.53294487566
2.52947091426
2.52501243405
2.51957543887
2.51316723642
2.50579642034
2.49747284903
2.48820762156
2.47801305054
2.46690263221
2.45489101374
2.44199395798
2.42822830562
2.41361193513
2.39816372031
2.38190348599
2.36485196163
2.34703073332
2.32846219415
2.30916949311
2.28917648292
2.26850766664
2.24718814347
2.22524355388
2.20270002418
2.17958411072
2.15592274395
2.13174317249
2.10707290737
2.08193966655
2.05637132002
2.0303958355
2.00404122495
1.97733549208
1.95030658087
1.92298232537
1.89539040082
1.86755827623
1.83951316855
1.81128199845
1.78289134796
1.7543674198
1.7257359988
1.69702241515
1.66825150975
1.63944760167
1.61063445766
1.58183526385
1.55307259961
1.52436841358
1.49574400194
1.46721998876
1.43881630862
1.41055219132
1.38244614874
1.35451596378
1.3267786814
1.29925060158
1.27194727434
1.24488349657
1.21807331084
1.1915300058
1.1652661185
1.13929343819
1.11362301179
1.08826515081
1.06322943969
1.0385247455
1.01415922885
0.990140356015
0.966474912113
0.943169015327
0.920228132016
