7.406255087
7.40166723628
7.38792430566
7.36508798262
7.3332604913
7.29258371846
7.24323800599
7.18544062639
7.11944396104
7.04553340513
6.96402502631
6.87526300682
6.77961690109
6.67747874261
6.56926003474
6.45538866079
6.33630574866
6.21246252469
6.08431719017
5.95233185248
5.8169695408
5.67869133389
5.53795362473
5.39520554393
5.25088656069
5.10542427682
4.95923242609
4.81270908788
4.66623512098
4.52017282016
4.37486479546
4.23063307117
4.08777839918
3.9465797938
3.80729418156
3.6701564202
3.53537928974
3.40315375355
3.27364934124
3.1470146623
3.02337803536
2.90284821782
2.78551522089
2.67145119535
2.56071137394
2.45333505687
2.34934662785
2.2487565888
2.15156260239
2.05775053246
1.96729547355
1.88016276165
1.79630895924
1.71568280879
1.63822614987
1.56387479566
1.49255936589
