400.225691852
400.146738336
399.90998503
399.515753396
398.964578316
398.257206758
397.394595928
396.377910894
395.208521703
393.888000005
392.418115184
390.800830021
389.038295904
387.132847594
385.086997578
382.903430017
380.584994328
378.134698401
375.555701495
372.851306825
370.024953876
367.080210459
364.02076455
360.850415927
357.573067645
354.192717365
350.713448576
347.139421736
343.474865355
339.724067052
335.891364621
331.981137113
327.997795986
323.945776332
319.829528203
315.653508081
311.422170492
307.1399598
302.811302192
298.440597892
294.032213596
289.590475168
285.119660604
280.623993272
276.107635458
271.574682209
267.029155503
262.474998739
257.916071565
253.356145042
248.798897156
244.247908679
239.706635362
235.178500704
230.666748312
226.174535665
221.704907551
217.26079401
212.845031322
208.460269455
204.109108122
199.794004342
195.517294956
191.281196466
187.087805152
182.939097465
178.836930679
174.783043799
170.779058699
166.82648149
162.926704099
159.081006047
155.29055641
151.55641596
147.879539454
144.260778083
