330.174185229
330.121604525
329.963919272
329.701299932
329.334030235
328.862506628
328.287237495
327.608842165
326.828049707
325.945697505
324.962729636
323.880195037
322.699245483
321.421133366
320.047209296
318.578919515
317.017803151
315.365489301
313.62369396
311.79421681
309.878937865
307.879813988
305.798875297
303.638221455
301.400017865
299.086491771
296.699928295
294.242666388
291.717094739
289.125647628
286.470800751
283.755067012
280.980992304
278.151151289
275.268143174
272.33458751
269.353120018
266.326388443
263.257048454
260.147759607
257.001181353
253.81996913
250.60677053
247.364221549
244.094942931
240.801536615
237.486582284
234.152634034
230.802217149
227.437825008
224.061916119
220.676911278
217.285190873
213.889092315
210.49090762
207.092881125
203.697207363
200.306029063
196.921435321
193.545459898
190.180079681
186.827213279
183.488719776
180.16639762
176.861983662
173.577152331
170.313514957
167.07261922
163.855948739
160.664922793
157.500896166
154.365159115
151.258937461
148.183392792
145.139622784
142.128661619
