8.76307909736
8.75612714869
8.7353140248
8.70076735809
8.65269810054
8.59139790909
8.51723556103
8.43065247214
8.33215740751
8.22232048919
8.10176661599
7.97116841855
7.83123887781
7.6827237357
7.52639382536
7.36303744292
7.19345287561
7.01844119089
6.83879937984
6.65531393525
6.46875493079
6.27987065359
6.08938282861
5.89798245891
5.70632629337
5.51503392096
5.32468548009
5.13581996175
4.94893407727
4.76448165482
4.58287352346
4.40447784013
4.22962081209
4.05858776645
3.89162455008
3.72893900888
3.57070303584
3.4170543929
3.26809885615
3.12391239909
2.98454342244
2.8500149994
2.72032710907
2.5954588342
2.47537050322
2.36000575941
2.24929354376
2.14314998074
2.04148015885
1.94417980043
1.85113681729
1.76223275067
1.67734409557
1.59634351109
1.51910091948
1.44548449744
1.37536156432
