13.0761422234
13.0601125222
13.0121670788
12.9327345209
12.8225214377
12.6825008882
12.5138966956
12.3181638368
12.0969657279
11.8521478512
11.5857100905
11.2997771406
10.9965668133
10.6783600216
10.3474685155
10.0062055759
9.65685751695
9.30165641622
8.94275596485
8.58220997461
8.22195317568
7.86378640335
7.50936399595
7.16018488374
6.81758686412
6.48274439286
6.15666811097
5.8402083564
5.53406011453
5.2387701082
4.95474572045
4.68226600445
4.42149102091
4.17247517316
3.9351782049
3.70947791469
3.49518126214
3.29203587114
3.09974100309
2.91795677128
2.74631355456
2.58441994339
2.43186984511
2.28824864689
2.1531384689
2.0261225607
1.90678901802
1.79473318298
1.68956072015
1.59088894631
1.49834782733
1.4115812147
1.33024745224
1.25401947744
1.18258539142
1.11564793521
1.05292479698
