8.31140596968
8.30569120088
8.28857502446
8.26014156896
8.2205301813
8.16993413874
8.10859887153
8.03681972135
7.95493926712
7.86334425538
7.76246217763
7.65275754082
7.53472788098
7.40889957205
7.27582348349
7.13607054087
6.99022724313
6.83889118899
6.68266666288
6.5221603279
6.35797706984
6.19071603225
6.02096687794
5.84930630763
5.67629486112
5.50247402145
5.32836363689
5.1544596709
4.98123228487
4.80912425387
4.6385497112
4.46989321363
4.30350911538
4.1397212359
3.97882280386
3.82107665758
3.66671568018
3.51594344694
3.3689350612
3.22583815491
3.08677403001
2.95183891722
2.82110532928
2.69462348697
2.57242279726
2.45451336415
2.34088751457
2.23152132313
2.12637612106
2.02539997661
1.92852913571
1.83568941326
1.74679752731
1.66176236941
1.58048620648
1.50286581028
1.42879351205
