84.9225900576
84.4972971838
83.2320511376
81.1583774371
78.327581224
74.8089973366
70.6875665385
66.0609632347
61.0362911015
55.7265554092
50.2469978526
44.7114829565
39.2290331236
33.9007014661
28.8167977564
24.0547048974
19.6771746926
15.7313155809
12.2481690035
9.24290834048
6.71560161259
4.65250975352
3.02778444939
1.80552434548
0.942023470892
0.388171132849
0.0918344147047
0.000153240744769
0.0616485646701
0.228062180019
0.455881372773
0.707487928032
0.951934124185
1.16532240176
1.33082952766
1.43839598541
1.48412886516
1.46947433061
1.40023690517
1.28549975094
1.13650739644
0.965599905301
0.785209953726
0.60700312258
0.441181414556
0.2959669773
0.177280117477
0.0886014063582
0.0310201227889
0.00342566841413
0.00283226314911
0.0247810991103
0.0638065527279
0.113927125695
0.169089356703
0.223618844298
0.272547594596
