440.019507548
427.573040225
391.978104931
338.127699714
273.121040434
204.937981044
141.029026004
87.1251964144
46.504419147
19.8257120432
5.50158716848
0.457750857428
1.05526310932
3.94228854463
6.65451614693
7.87112317597
7.33848623693
5.55273624022
3.34002748282
1.47046626352
0.405259269034
0.216069619314
0.657103193311
1.32809326294
1.85224209654
2.00533521752
1.76175280599
1.25948639947
0.712728663164
0.314764692828
0.167534848606
0.259399134547
0.489936311726
0.724275907252
0.851225551427
0.822550108452
0.661351355617
0.441342052803
0.249583595205
0.149796903947
0.160154668194
0.252512378453
0.370104430252
0.454351176735
0.46857253955
0.40987227802
0.306104021619
0.200249617567
0.131500018972
0.119256643687
0.157751071076
0.22130372195
0.276658694389
0.29848607915
0.277852920534
0.224673250676
0.161506178285
