53.5940477524
53.2901514438
52.3881777608
50.9168159165
48.9224197445
46.4668913975
43.6248763253
40.4804529612
37.1234574623
33.6456789348
30.1370839374
26.682308486
23.3575475316
20.2280167044
17.3460695883
14.7500531374
12.4639172328
10.4975377494
8.8477079663
7.49969445163
6.42923323299
5.60481808465
4.99012521236
4.54644407878
4.23495593754
4.01875531052
3.86452201443
3.74376366074
3.63362084117
3.51721519626
3.38359482465
3.22728597799
3.04756990515
2.84754644986
2.63307453071
2.41168156145
2.19152808536
1.98048307987
1.78537735062
1.61146413316
1.46209067102
1.33859646215
1.24039876712
1.16524515759
1.10958912802
1.06903470083
1.03880641012
1.01420335261
0.990992617103
0.965717100745
0.935906122043
0.900156699789
0.858135153962
0.810452977982
0.75848999258
0.704154624327
0.649627197782
