6.41333762115
6.40967361199
6.39869765915
6.3804578442
6.35503383059
6.32253616219
6.28310529553
6.23691037967
6.18414780125
6.12503951503
6.05983118319
5.98879014879
5.91220327037
5.83037464587
5.74362325486
5.65228054781
5.55668801114
5.45719473563
5.3541550146
5.24792599663
5.13886541546
5.02732941768
4.91367050609
4.79823561424
4.68136432496
4.56338724283
4.44462452804
4.32538459648
4.20596298851
4.08664140626
3.96768691763
3.84935132291
3.73187067846
3.61546497026
3.50033792911
3.38667697816
3.27465330269
3.16442203157
3.05612251951
2.94987871889
2.84579963031
2.74397982072
2.64449999871
2.54742763672
2.45281763043
2.36071298623
2.27114552832
2.18413661759
2.09969787511
2.01783190384
1.93853300285
1.861787869
1.78757628164
1.71587176678
1.64664223744
1.57985060779
1.515455379
