434.304568268
423.259930842
391.518604241
343.013249934
283.534063313
219.751175928
158.140669228
104.024802199
60.9051786915
30.1868734737
11.310698153
2.21672420565
0.00500341553163
1.63055513448
4.48567971715
6.76863011174
7.5992510601
6.90873984199
5.17546109882
3.10431218879
1.33979494227
0.278436649804
0.00470582217064
0.338590188982
0.954488895865
1.51742348903
1.7941450188
1.70636720563
1.32367016243
0.808631236579
0.342915826369
0.0600199573225
0.00779021448103
0.146499544498
0.377567496193
0.587682883002
0.691121431348
0.655375417825
0.504364504272
0.301122427534
0.119309860388
0.0151397125785
0.00932265907628
0.0844996454325
0.196490427456
0.293994151577
0.337852781963
0.3140171052
0.235817291259
0.134910284739
0.0482816003379
0.0035054143164
0.00972883721
0.0563293006486
0.119015672037
0.170236004552
0.18982303846
