49.0497594427
48.8241742182
48.1530919806
47.0533375635
45.5522711447
43.6868166835
41.5021623254
39.0501343807
36.387496185
33.5738863603
30.6700056712
27.7355371721
24.8273764711
21.997951278
19.2937981501
16.754428665
14.4115115866
12.2883908436
10.3999645322
8.75286652495
7.3459732421
6.17116164553
5.2142915318
4.45633833617
3.87462540478
3.44410061219
3.13858568202
2.93194568
2.79914841557
2.71714963077
2.66560065512
2.6273452374
2.58871579415
2.53962363426
2.47346166431
2.38684863167
2.27924273807
2.15244724146
2.01007231511
1.85696026348
1.69862148142
1.54071657081
1.38859795316
1.24693882936
1.11945812134
1.00874695669
0.916195747587
0.842014815081
0.785332846011
0.744367438675
0.71663614935
0.699196274416
0.688891015394
0.682589237236
0.677395822819
0.670826278729
0.66093208587
