2.45196449168
2.45150440937
2.45012475364
2.44782729662
2.44461498726
2.44049194444
2.43546344729
2.42953592291
2.42271693137
2.41501514815
2.40644034402
2.39700336244
2.38671609463
2.3755914523
2.36364333813
2.3508866142
2.33733706843
2.32301137904
2.30792707737
2.29210250895
2.27555679311
2.25830978116
2.2403820134
2.22179467494
2.20256955061
2.18272897899
2.16229580583
2.14129333685
2.11974529023
2.09767574876
2.07510911198
2.05207004821
2.02858344692
2.00467437123
1.98036801095
1.95568963614
1.93066455133
1.90531805056
1.87967537332
1.85376166149
1.82760191742
1.80122096318
1.77464340113
1.74789357589
1.7209955377
1.69397300737
1.66684934277
1.63964750698
1.61239003809
1.58509902079
1.55779605963
1.53050225414
1.50323817572
1.47602384637
1.44887871921
1.42182166082
1.39487093549
1.36804419115
1.34135844714
1.3148300838
1.28847483374
1.26230777477
1.23634332464
1.21059523726
1.18507660057
1.15979983594
1.13477669906
1.11001828219
1.08553501785
1.06133668378
1.03743240915
1.01383068193
0.990539357393
0.967565667686
0.944916232332
0.922597069682
