215.271841897
212.546214005
204.541151097
191.756975341
174.97876402
155.20844332
133.579950085
111.26611628
89.3864839034
68.9251185845
50.6657243693
35.1495802977
22.6587005238
13.2239771493
6.65547224244
2.59006537347
0.549118457237
0.000200188541456
0.415058198708
1.31866048508
2.32499638022
3.15735252933
3.65333672771
3.75589248289
3.49389292077
2.95604534465
2.26256802129
1.53869830325
0.892825350173
0.401865395385
0.104321510326
0.000680620302939
0.0598951603081
0.229844035268
0.449540014826
0.660705655387
0.817197067416
0.890875377875
0.873563809664
0.775382191364
0.620145149222
0.439129075287
0.264454677525
0.123141521539
0.032905506763
0.000207467431975
0.0204659619894
0.0802355749884
0.160692287857
0.241720716617
0.305654989556
0.340237796235
0.340206587364
0.307475528268
0.24998181973
0.179571830423
0.109347124063
