12.7361295548
12.7209634957
12.6756010335
12.600444246
12.4961564299
12.3636503063
12.2040733836
12.0187888261
11.8093541407
11.5774956243
11.3250826929
11.0540975863
10.7666099122
10.4647442191
10.1506525869
9.82648661026
9.49437078679
9.15637884195
8.81451087062
8.47067446009
8.1266681998
7.78416792331
7.44471641697
7.10971551551
6.78042213185
6.45794588599
6.14324963901
5.83715291112
5.54033603222
5.25334668777
4.97660839166
4.71042816386
4.45500644989
4.21044765651
3.97676918589
3.75391213983
3.54175098616
3.34010299176
3.14873714671
2.96738248938
2.79573577265
2.63346843737
2.48023280676
2.33566798115
2.19940427691
2.07106767735
1.95028368529
1.83668027522
1.72989043476
1.62955483216
1.53532265173
1.44685404325
1.36382075591
1.28590671635
1.21280931058
1.14423910432
1.07992030286
