1085.69018016
1017.58024535
834.162734877
589.291841239
347.613672133
160.065978892
48.4201229845
4.53130862832
2.09382452583
12.8996981969
18.9317175789
15.6852487254
7.76035434199
1.55690797574
0.0648748810936
1.98325736592
4.12145435308
4.3163501501
2.67693952245
0.777624897383
0.0010919908874
0.500505398213
1.39592291403
1.73238045662
1.26110420607
0.470734568893
0.0187368659339
0.150952902587
0.582632025487
0.841887927179
0.700293016759
0.316793811468
0.0321027906252
0.0460147245309
0.271610619497
0.457242183474
0.429332146571
0.227615976443
0.0390746314547
0.0121749924903
0.134665491935
0.266634623946
0.280613003559
0.170789815412
0.0418044106313
0.00196562065865
0.0682201236895
0.162175039826
0.191252832569
0.131778145437
0.0419821746646
0.000362356393688
0.0343950908625
0.101324080948
0.13394967557
0.103395166973
0.0402817227655
