3.86321873917
3.86202862485
3.85846085474
3.85252313697
3.84422828408
3.83359416156
3.82064361641
3.80540438596
3.78790898757
3.76819458986
3.74630286636
3.72227983219
3.6961756651
3.66804451156
3.63794427934
3.60593641761
3.57208568587
3.53645991305
3.49912974804
3.46016840322
3.41965139209
3.37765626279
3.33426232849
3.28955039643
3.2436024967
3.19650161226
3.14833141141
3.09917598402
3.04911958265
2.99824636981
2.94664017224
2.8943842434
2.84156103495
2.78825197808
2.73453727547
2.6804957045
2.62620443227
2.57173884297
2.51717237791
2.46257638856
2.40802000278
2.35357000446
2.29929072642
2.24524395678
2.19148885853
2.13808190209
2.08507681083
2.03252451894
1.98047314159
1.92896795668
1.87805139796
1.82776305883
1.77813970641
1.72921530527
1.68102105014
1.6335854072
1.58693416305
1.54109048098
1.49607496375
1.45190572226
1.40859844955
1.36616649938
1.32462096896
1.28397078495
1.24422279253
1.20538184655
1.16745090461
1.13043112128
1.09432194314
1.05912120403
1.02482525248
0.991428918199
0.958925763676
0.92730818268
0.896567324301
0.866693313721
