53.4980263968
53.0133597003
51.5885251741
49.3083843205
46.305880018
42.7502845287
38.8325979498
34.7496454571
30.6885538098
26.8131430547
23.2535058735
20.0995947217
17.3992263407
15.1601957171
13.3560275886
11.9342551669
10.8261039509
9.9563121117
9.25202027046
8.64979130967
8.10026143481
7.57023966479
7.04236286766
6.51285201829
5.98790595369
5.47952845217
5.00144165539
4.56565708932
4.18009913403
3.84745203756
3.5651469746
3.32634082872
3.12148364445
2.9401503599
2.77275618828
2.6118656386
2.45294915983
2.2945052036
2.13763915636
1.98525947537
1.84105220702
1.70849727192
1.5900617091
1.48672312094
1.39784145808
1.32138029292
1.25436554453
1.19348090573
1.1356765824
1.07864581587
1.02111629229
0.96291213252
0.904794839997
0.848154146407
0.794605585244
0.745592866172
0.702074854756
