10.0175663559
10.0088903201
9.98291738796
9.93981241017
9.87984789609
9.80340071358
9.71094752095
9.60305908104
9.48039375565
9.34368861247
9.19375349673
9.03145956554
8.85773014899
8.67353252196
8.4798658362
8.27775229662
8.06822697698
7.85232828956
7.63108884379
7.40552698228
7.1766385191
6.94538911719
6.71270905832
6.47948643768
6.24656262442
6.01472825016
5.78472003776
5.55721845
5.33284612571
5.11216706014
4.89568647768
4.68385133825
4.47705141362
4.2756208669
4.07984026649
3.88993896629
3.70609778472
3.52845191797
3.35709402586
3.19207743334
3.03341939489
2.88110437452
2.73508729933
2.59529674997
2.46163805685
2.33399627616
2.21223902468
2.09621915727
1.98577727506
1.88074405652
1.78094240686
1.68618942466
1.59629818703
1.51107935688
1.43034261814
1.35389794566
1.28155671833
