36.5282129661
36.1724451314
35.1389043918
33.5235349757
31.469524815
29.1456898829
26.7224273175
24.3495850394
22.1401468088
20.1620351374
18.4384986759
16.9558502797
15.6759499963
14.5501879371
13.5319292287
12.5851815578
11.6885277544
10.8345332037
10.0258676828
9.26999058891
8.57401184729
7.94119271766
7.36955238493
6.85254209842
6.38105129994
5.94587723123
5.53974217689
5.15834416074
4.80029974474
4.46618403161
4.15718185433
3.87384203128
3.61534511705
3.37940786404
3.16278581941
2.96203097837
2.77428050078
2.59772688083
2.43169035769
2.27631102178
2.1320265534
1.99905412972
1.87703700681
1.7649866159
1.6614675094
1.56495076653
1.47416434697
1.38833534343
1.30722331705
1.23097989443
1.15988793638
1.09410151036
1.03346875975
0.977503763302
0.925483515444
0.876644260541
0.830375110108
