13.6056210297
13.5791843199
13.5011628277
13.3749407802
13.2049015848
12.9954537404
12.7506771747
12.4745105483
12.1710327003
11.8444882209
11.499077959
11.1387451866
10.7671118982
10.3875222288
10.0030709979
9.61657288359
9.23052278758
8.84709917766
8.46820023957
8.09547138988
7.7303105514
7.37387284809
7.02709294915
6.69071635994
6.36532163734
6.05133168534
5.74902657675
5.45856428766
5.18000214507
4.91331077639
4.65838271734
4.41504311522
4.18306392095
3.96217614641
3.75207693869
3.55243447877
3.36289483853
3.18309044493
3.01264572363
2.85117984043
2.69830902201
2.55365056753
2.41682697343
2.28746793187
2.16521070259
2.04970107772
1.94059549692
1.8375626749
1.74028362984
1.64845113821
1.56177007018
1.47995835662
1.40274724063
1.32988050296
1.26111374992
1.19621451628
1.13496255263
