682.761157106
651.093801358
563.326831672
438.872117353
303.301929828
180.854458023
88.1239808137
30.9725888224
5.29058002272
0.741553143391
5.63575501461
10.9713793396
12.3720644908
9.73841055705
5.38556147667
1.86741624243
0.509248794701
1.08032781952
2.3942636872
3.24418722145
3.08081363658
2.13651487529
1.07489913167
0.483187336475
0.536381565939
0.985020862767
1.40032244564
1.47451572905
1.18366604152
0.743902555995
0.428199180577
0.383604047713
0.561011896757
0.780636355716
0.86916158657
0.76863221402
0.554536687499
0.365866186355
0.304971655985
0.377010882675
0.50043563722
0.573124463331
0.54090030961
0.427233382748
0.306538463319
0.249109741555
0.274878713562
0.34678122721
0.402238921672
0.397624121101
0.334679586705
0.25447814674
0.205142466988
0.209264730529
0.251485909172
0.292938563908
0.299655857998
