7.00992542062
7.00576919183
6.99331857377
6.97262761974
6.94378591518
6.90691782955
6.86218148278
6.80976743991
6.74989715073
6.68282115458
6.60881707312
6.52818741624
6.44125722805
6.34837160161
6.24989309159
6.14619905498
6.03767894942
5.92473161882
5.80776259436
5.68718143843
5.56339915658
5.43682570125
5.30786758836
5.17692564569
5.04439290913
4.91065268048
4.77607675736
4.64102384355
4.50583814488
4.37084815365
4.23636562189
4.10268472149
3.97008138717
3.83881283659
3.7091172598
3.58121366925
3.45530190015
3.33156275028
3.21015824713
3.09123203055
2.97490983798
2.86130007993
2.75049449305
2.64256885849
2.53758377382
2.43558546696
2.33660664151
2.24066734324
2.14777583856
2.05792949633
1.9711156652
1.8873126556
1.80649000901
1.72861048261
1.65362968924
1.58149744444
1.51215838418
