4.98935773149
4.98728346076
4.98106691975
4.97072688562
4.95629453278
4.93781325277
4.91533840428
4.88893699579
4.85868730346
4.82467842777
4.78700979287
4.74579059294
4.70113919047
4.65318247145
4.60205516317
4.54789912001
4.49086258329
4.43109942098
4.3687683533
4.30403217009
4.23705694578
4.16801125763
4.09706541282
4.02439068934
3.95015859586
3.8745401549
3.79770521366
3.71982178614
3.64105542997
3.56156866084
3.48152040693
3.40106550545
3.3203542427
3.23953193879
3.15873857782
3.07810848357
2.99777004069
2.91784546084
2.83845059303
2.75969477678
2.6816807369
2.60450451808
2.5282554573
2.4530161922
2.37886270292
2.30586438518
2.23408415215
2.16357856257
2.0943979725
2.02658670839
1.96018325864
1.89522048144
1.83172582627
1.76972156683
1.70922504313
1.65024891054
1.59280139387
