5.72848596547
5.725804448
5.71776887679
5.70440613858
5.68576085563
5.66189510424
5.63288802451
5.59883532515
5.55984868812
5.51605507885
5.46759596851
5.41462647585
5.35731443639
5.2958394077
5.23039161974
5.16117087962
5.08838544036
5.01225084345
4.9329887448
4.85082573377
4.7659921546
4.67872093935
4.58924646093
4.49780341447
4.40462573457
4.30994555536
4.2139922198
4.11699134356
4.01916393857
3.92072560003
3.82188576032
3.72284701225
3.62380450343
3.52494540265
3.42644843873
3.32848351134
3.23121137281
3.13478337938
3.03934130974
2.94501724832
2.85193353026
2.76020274482
2.66992779346
2.58120199885
2.49410926063
2.40872425379
2.32511266545
2.2433314657
2.16342920828
2.0854463569
2.00941563314
1.93536238196
1.86330495097
1.79325507997
1.72521829729
1.65919431979
1.59517745349
