14.6505491483
14.6202565845
14.5305346188
14.3846085904
14.1871555053
13.9435698517
13.6593787588
13.3399430469
12.9904078144
12.6157626993
12.2208682652
11.8103964648
11.388719133
10.9598133265
10.5272297676
10.0941131702
9.66324020456
9.23704304015
8.81761528899
8.4067173005
8.00579489957
7.61601488994
7.2383020079
6.8733664444
6.52172403606
6.18371318259
5.85951618809
5.54918522875
5.25266265839
4.96980337367
4.70038407753
4.44411441381
4.20065068753
3.96960865835
3.75057588764
3.5431186411
3.34678757914
3.1611218994
2.98565755141
2.81992975508
2.66348000394
2.51585736857
2.37662012941
2.24533707486
2.12158934288
2.00497311304
1.8951003665
1.79159897753
1.69411192659
1.60229757055
1.51583023315
1.43440050604
1.35771519661
1.28549611038
1.21747930045
1.15341437208
1.09306593275
