5.80454720694
5.80135053057
5.7917747761
5.77586263109
5.75368478933
5.72533928049
5.69095054749
5.65066828669
5.60466606979
5.5531397696
5.49630581403
5.43439929526
5.3676719618
5.29639012229
5.22083248991
5.14128799574
5.05805359856
4.97143211701
4.88173010832
4.78925581546
4.69431720244
4.59722009447
4.49826643748
4.39775268837
4.2959683449
4.19319462144
4.08970327432
3.98575557816
3.88160145252
3.77747873635
3.67361260574
3.57021512947
3.46748495529
3.36560711914
3.26475296854
3.16508019112
3.06673293858
2.96984203653
2.87452527042
2.78088773796
2.68902225877
2.5990098321
2.51092013423
2.42481204735
2.34073421232
2.25872559853
2.17881608425
2.10102704173
2.02537192206
1.9518568348
1.88048111874
1.81123790006
1.7441146349
1.67909363411
1.61615256784
1.55526494857
1.49640059132
1.43952605011
1.38460503018
1.33159877565
1.2804664326
1.23116538778
1.18365158323
1.13787980746
1.09380396369
1.05137731613
1.01055271482
0.971282800347
0.933520189035
0.897217639829
0.86232820381
0.828805357372
0.796603120085
0.765676158256
0.735979875165
0.707470488968
