5.23569428239
5.23308617681
5.22527246237
5.21228485297
5.19417589655
5.17101851728
5.14290538468
5.10994811928
5.07227634695
5.03003661588
4.98339119204
4.93251675036
4.8776029795
4.81885111907
4.75647244812
4.69068674356
4.62172072684
4.54980651623
4.47518010113
4.39807985355
4.31874509045
4.23741469908
4.15432583577
4.06971270697
3.98380543978
3.89682904713
3.80900249172
3.72053785082
3.63163958294
3.54250389579
3.45331821408
3.3642607444
3.2755001337
3.18719521695
3.09949484928
3.01253781685
2.92645282098
2.84135852934
2.75736368798
2.67456728813
2.5930587815
2.5129183379
2.43421713955
2.35701770612
2.28137424532
2.20733302387
2.13493275408
2.06420499167
1.99517454078
1.92785986249
1.86227348347
1.79842240198
1.73630848827
1.67592887751
1.61727635292
1.56033971767
1.505104154
1.45155156861
1.39966092328
1.34940855006
1.30076845075
1.25371258013
1.20821111297
1.16423269483
1.1217446767
1.08071333383
1.04110406898
1.00288160063
0.966010136484
0.930453532936
0.89617544093
0.863139438938
0.831309153584
0.800648368603
0.771121122737
0.742691815759
