936.963760467
936.410771184
934.754620294
932.003630099
928.171579471
923.277536132
917.345640254
910.40483471
902.488547725
893.634334481
883.883484734
873.280603645
861.87317372
849.711105611
836.846282368
823.332107603
809.22306159
794.574269541
779.44109065
763.878727412
747.941862806
731.684324647
715.158781052
698.416467575
681.506946512
664.477899018
647.374947809
630.241513422
613.118698239
596.045200306
579.057253423
562.188591593
545.470437338
528.931509668
512.59805119
496.49387171
480.640405779
465.056782416
449.759906381
434.764546288
420.083430911
405.727350154
391.705259832
378.024388842
364.690348033
351.707238247
339.077759312
326.803315488
314.884120085
303.319296954
292.10697785
281.244397111
270.727981779
260.55343758
250.715830191
241.209662343
232.028945721
223.167269579
214.617863118
206.373654665
198.427325446
190.771360601
183.398094306
176.299752353
169.468490157
162.896427676
156.575680782
150.498389037
144.656741347
139.042998173
133.649510748
128.46873905
123.493266057
118.715811347
114.129241537
109.726579925
