4.93376913069
4.93187812107
4.92621009863
4.91678005831
4.90361291071
4.88674336133
4.8662157427
4.84208380063
4.81441043622
4.78326740537
4.74873497809
4.7109015599
4.66986327813
4.62572353593
4.57859253717
4.52858678548
4.47582856078
4.42044537691
4.36256942387
4.30233699835
4.23988792612
4.17536497995
4.10891329665
4.04067979654
3.970812609
3.89946050708
3.8267723544
3.75289656715
3.67798059405
3.60217041653
3.52561007162
3.44844119943
3.37080261706
3.29282992047
3.21465511559
3.1364062796
3.05820725334
2.98017736514
2.90243118651
2.82507831968
2.74822321677
2.67196503032
2.59639749439
2.52160883573
2.4476817138
2.37469318878
2.30271471622
2.23181216701
2.16204587134
2.09347068489
2.026136076
1.96008623181
1.89536018207
1.83199193865
1.77001064919
1.70944076322
1.65030220906
