1047.65234636
1046.80903724
1044.53651751
1040.7679987
1035.52991272
1028.85868651
1020.79968438
1011.40642185
1000.73965043
988.866412602
975.859027193
961.794062877
946.751411665
930.813232696
914.063103611
896.585149851
878.463407851
859.780595946
840.618041186
821.054726144
801.167886015
781.030191993
760.712733255
740.281410675
719.798789351
699.323834887
678.911129737
658.611220577
638.470570794
618.531497025
598.832667334
579.408538731
560.289935019
541.504108474
523.074911057
505.02292172
487.365652422
470.117671842
453.29105068
436.894889367
420.936436783
405.420607865
390.350548476
375.726864412
361.5497723
347.81678116
334.524934499
321.669656758
309.245251365
297.245956167
285.66412678
274.492056402
263.721192027
253.342660951
243.347247342
233.724945552
224.466054173
215.560407516
206.99783493
198.767992204
190.860556225
183.265254843
175.971769843
168.970001604
162.249861835
155.801448019
149.61506324
143.681091535
137.990227806
132.5333156
127.301417484
122.285880995
117.478215394
112.870263284
108.454059645
104.221837724
