6.29321436519
6.29005315421
6.28058066971
6.26483028393
6.24285737432
6.21473896163
6.18057320836
6.1404787824
6.09459409235
6.04307640179
5.98610083125
5.92385925757
5.85655912086
5.78442215066
5.70768302283
5.62658795957
5.54139328508
5.45236394964
5.35977203461
5.26389525106
5.16501544412
5.0634171149
4.95938597114
4.85320751726
4.74516569354
4.63554157337
4.52461212675
4.412649057
4.29991771681
4.18667610874
4.07317397411
3.9596519734
3.84634095996
3.73346134831
3.62122257681
3.50982266411
3.39944785765
3.29027237177
3.18245821247
3.07615508493
2.97150037981
2.86861923341
2.76762465678
2.6686177284
2.5716878449
2.47691302411
2.3843602546
2.2940858862
2.20613605544
2.12054714068
2.03734624123
1.95655167544
1.87817349268
1.80221399454
1.72866826089
1.65752467674
1.58876545602
