4.00189332069
4.00065779169
3.99695383066
3.99078930531
3.98217729443
3.97113603715
3.95768886213
3.94186409743
3.92369496125
3.9032194344
3.88048011523
3.85552405765
3.82840259343
3.7991711396
3.76788899211
3.73461910689
3.69942786952
3.66238485475
3.62356257723
3.58303623466
3.54088344489
3.49718397816
3.45201948594
3.40547322771
3.35762979705
3.30857484828
3.25839482503
3.20717669194
3.1550076706
3.10197498111
3.04816559001
2.99366596589
2.93856184345
2.88293799687
2.82687802344
2.77046413784
2.71377697811
2.65689542343
2.59989642438
2.54285484611
2.4858433244
2.42893213516
2.3721890772
2.31567936844
2.25946555553
2.20360743666
2.1481619975
2.09318335988
2.03872274304
1.98482843706
1.9315457879
1.87891719383
1.8269821126
1.7757770788
1.72533573098
1.6756888478
1.62686439269
