659.292132698
659.0681529
658.396753578
657.279552504
655.719237824
653.719555921
651.285294524
648.422261204
645.137257392
641.438048104
637.333327575
632.83268104
627.946542915
622.686151666
617.063501645
611.09129224
604.782874631
598.15219652
591.213745168
583.982489097
576.4738188
568.703486829
560.687547595
552.442297224
543.984213809
535.329898372
526.496016844
517.499243355
508.356205109
499.083429092
489.697290851
480.213965557
470.649381533
461.019176415
451.338656095
441.622756551
431.886008662
422.142506088
412.405876245
402.689254414
393.005260976
383.365981767
373.78295151
364.267140265
354.828942841
345.478171058
336.224048792
327.075209655
318.039697214
309.124967602
300.337894382
291.684775522
283.171342323
274.802770157
266.583690837
258.518206489
250.609904747
242.861875126
235.276726417
227.85660496
220.603213645
213.517831504
206.601333761
199.854212212
193.276595815
186.868271373
180.628704216
174.55705877
168.652218923
162.912808125
157.337209114
151.923583237
146.669889273
141.573901729
136.633228554
131.845328231
