6.34294506214
6.3395168303
6.32924582536
6.31217301276
6.28836631515
6.2579200873
6.22095439005
6.17761407216
6.12806767114
6.07250614632
6.0111414592
5.9442050176
5.87194600171
5.79462959092
5.7125351111
5.62595412239
5.53518846788
5.44054830287
5.34235012449
5.24091482047
5.13656575468
5.02962690634
4.92042107806
4.80926818646
4.69648364766
4.58237686789
4.46724984809
4.35139590934
4.23509854419
4.11863039745
4.00225237812
3.88621290268
3.77074726844
3.65607715444
3.54241024584
3.42993997718
3.31884538847
3.20929108762
3.10142731186
2.99539008056
2.89130143133
2.78926973099
2.6893900533
2.59174461482
2.49640326078
2.403423993
2.31285353194
2.22472790567
2.13907305869
2.05590547404
1.97523280276
1.89705449501
1.82136242802
1.7481415261
1.67737036903
1.60902178503
1.54306342562
