5.56096258766
5.55846322596
5.55097311456
5.53851612671
5.52113189247
5.49887556205
5.47181747769
5.44004275684
5.40365079068
5.36275466224
5.31748048956
5.26796669969
5.21436323975
5.15683073227
5.0955395816
5.03066903944
4.96240623681
4.89094519072
4.81648579323
4.73923279097
4.65939476273
4.57718310278
4.49281101715
4.40649253981
4.31844157518
4.22887097312
4.13799164188
4.04601170395
3.95313569931
3.85956383975
3.76549131759
3.67110767129
3.57659620993
3.48213349789
3.38788890059
3.29402419137
3.20069321929
3.10804163697
3.01620668719
2.92531704648
2.83549272377
2.74684501138
2.65947648595
2.57348105607
2.4889440536
2.40594236531
2.32454460136
2.24481129724
2.16679514546
2.09054125359
2.01608742515
1.94346445988
1.87269647008
1.80380120981
1.73679041399
1.67167014433
1.6084411395
