12.0859792524
12.0725460761
12.0323590651
11.9657539585
11.8732842133
11.7557121791
11.6139968672
11.4492788463
11.2628626426
11.0561963088
10.8308512061
10.5884978685
10.3308830825
10.0598064515
9.7770972734
9.48459117141
9.18410965776
8.8774392582
8.56631385296
8.25239897095
7.93727710601
7.62243658249
7.30926189846
6.99902709161
6.69289065674
6.39189306889
6.09695566953
5.80888236326
5.52836146084
5.25597002459
4.99217880871
4.73735819739
4.49178483025
4.25564871604
4.02906065143
3.81205978037
3.60462114986
3.40666314312
3.21805468808
3.03862204836
2.86815551722
2.70641536206
2.55313744044
2.40803871474
2.2708209221
2.1411763128
2.01879009174
1.90334431488
1.79452059538
1.69200261773
1.59547827389
1.504641333
1.41919295193
1.33884282851
1.26331015719
1.19232416092
1.12562484518
