3.34700774432
3.34613425027
3.34351534546
3.33915575676
3.33306334482
3.32524907804
3.3157269963
3.3045141646
3.29163061686
3.27709929027
3.26094595027
3.24319910682
3.22388992213
3.20305211045
3.18072183033
3.15693756988
3.13174002564
3.10517197551
3.07727814644
3.04810507745
3.01770097865
2.98611558679
2.95340001808
2.91960661897
2.88478881535
2.84900096104
2.81229818599
2.77473624498
2.73637136734
2.69726010829
2.6574592024
2.61702541993
2.57601542623
2.53448564501
2.49249212569
2.45009041543
2.40733543611
2.36428136661
2.32098153085
2.27748829164
2.23385295086
2.19012565582
2.14635531236
2.10258950453
2.058874421
2.0152547884
1.97177381146
1.92847311992
1.88539272235
1.84257096665
1.80004450709
1.75784827799
1.71601547357
1.67457753411
1.63356413795
1.59300319928
1.55292087144
1.51334155546
1.47428791359
1.43578088751
1.39783972104
1.36048198695
1.3237236176
1.28757893914
1.252060709
1.21718015622
1.18294702457
1.14936961789
1.11645484762
1.084208282
1.05263419684
1.02173562756
0.991514422143
0.961971294852
0.933105880469
0.904916788771
