843.002512245
842.572498609
841.284248398
839.143117513
836.157978952
832.341143446
827.708250139
822.278129051
816.07263746
809.116472718
801.436964297
793.063848109
784.029026301
774.366315801
764.111188952
753.300509482
741.972267019
730.165313145
717.919101842
705.273436913
692.268228727
678.943262324
665.337978656
651.491270402
637.441293534
623.225295479
608.879460472
594.438772415
579.936895314
565.406071139
550.877034767
536.37894548
521.939334342
507.584066659
493.337318627
479.221567191
465.257592081
451.464488969
437.859692654
424.4590092
411.276655947
398.32530836
385.616152704
373.158943574
360.96206538
349.032596919
337.376378245
325.998079098
314.90126823
304.088483017
293.561298807
283.320397544
273.365635221
263.696107822
254.310215417
245.205724178
236.379826078
227.82919612
219.550046959
211.538180832
203.78903872
196.297746731
189.059159684
182.067901914
175.318405343
168.804944855
162.521671066
156.462640541
150.621843574
144.993229605
139.570730395
134.348281058
129.319848565
124.479411592
119.821030371
115.338824694
