5.18778078851
5.18565687219
5.17929119338
5.16870193042
5.15391927372
5.13498526642
5.11195358314
5.08488924852
5.05386829784
5.01897738244
4.98031332292
4.93798261372
4.89210088296
4.84279231146
4.79018901565
4.73443039874
4.67566247502
4.61403717237
4.54971161761
4.48284741011
4.41360988833
4.34216739438
4.26869054139
4.19335148824
4.11632322632
4.03777888229
3.95789104107
3.87683109257
3.79476860562
3.71187073211
3.62830164409
3.54422200611
3.45978848482
3.37515329738
3.2904638001
3.2058621179
3.12148481546
3.03746260995
2.9539201255
2.87097568864
2.7887411644
2.70732183162
2.62681629662
2.54731644362
2.46890742017
2.39166765599
2.31566891311
2.2409763653
2.1676487046
2.09573827278
2.02529121539
1.95634765615
1.88894188941
1.82310258834
1.75885302668
1.69621131188
1.63519062745
