6.44600284187
6.44270061801
6.43280577946
6.41635374677
6.39340329297
6.3640361546
6.32835649252
6.28649020813
6.23858412158
6.18480502031
6.12533858711
6.0603882183
5.99017374319
5.91493005722
5.83490568145
5.75036126171
5.66156802104
5.56880617911
5.47236335236
5.37253294829
5.26961256729
5.16390242447
5.05570380374
4.94531755544
4.83304264815
4.71917478407
4.60400508687
4.48781886926
4.37089448701
4.25350228455
4.13590363654
4.01835008831
3.9010825974
3.78433087695
3.66831284092
3.55323415016
3.43928785731
3.32665414792
3.2155001741
3.10597997683
2.99823449199
2.8923916351
2.78856645912
2.68686137954
2.58736635273
2.49015964189
2.39530757925
2.30286541018
2.21287766026
2.12537863385
2.04039293706
1.95793601936
1.87801472866
1.80062787473
1.72576679625
1.65341592731
1.58355335923
