6.92067879995
6.9167211707
6.90486457027
6.88515773343
6.85768146213
6.82254799696
6.7799001478
6.72991019419
6.67277856841
6.60873233708
6.53802349882
6.46092711781
6.37773931451
6.28877513612
6.19436633009
6.09485904488
5.99061148199
5.88199152337
5.76937435775
5.65314012862
5.53367162552
5.41135203886
5.28656279721
5.15968150372
5.03107998701
4.90112247934
4.77016393314
4.6385484845
4.50660807044
4.37466120446
4.24301191269
4.11194883149
3.98174446496
3.85265459955
3.72491787116
3.59875547889
3.47437103844
3.3519505669
3.23166259014
3.11365836321
2.99807219363
2.88502185721
2.77460909595
2.6669201874
2.56202657506
2.45998554975
2.36084097199
2.26462402606
2.17135399695
2.0810390616
1.99367708716
1.90925642873
1.82775672064
1.74914965521
1.67339974416
1.60046505823
1.53029794121
