6.7509719425
6.74729213343
6.73626689047
6.71793866418
6.69237786573
6.65968236132
6.61997677204
6.57341158699
6.52016209933
6.4604271766
6.39442787865
6.32240593774
6.24462211678
6.16135446252
6.07289647168
5.97955518794
5.8816492488
5.77950690056
5.67346400009
5.56386202133
5.45104608393
5.33536302058
5.21715949854
5.09678020977
4.97456614275
4.85085294755
4.72596940444
4.60023600448
4.47396364929
4.34745247532
4.2209908065
4.09485423768
3.9693048495
3.84459055447
3.72094457206
3.59858502998
3.47771468737
3.35852077481
3.24117494514
3.12583326516
3.0126366138
2.90171056465
2.79316593991
2.68709914933
2.58359264977
2.48271546083
2.38452372843
2.28906132817
2.19636050074
2.10644251189
2.01931832982
1.9349893135
1.85344790563
1.77467832455
1.69865725005
1.62535449835
1.5547336821
