10.599244813
10.4661461361
10.1396209709
9.77450895723
9.48356481399
9.27430956161
9.08943804009
8.88377432333
8.65516809225
8.4206578753
8.18723890806
7.95052137842
7.70830367087
7.46465674105
7.22323403426
6.98366226086
6.74501304347
6.50871344526
6.27670421053
6.04922581268
5.82580081871
5.6069422306
5.3936766503
5.18623876384
4.98429288681
4.78793487469
4.59767644967
4.41364553295
4.23555002789
4.06328909226
3.89707068247
3.73693172939
3.58260389769
3.43389112196
3.29082945459
3.15339227552
3.02133648221
2.89442773061
2.77261131062
2.65582177956
2.54384100333
2.43643542232
2.33349883583
2.23495023542
2.140600358
2.05022879177
1.96371069029
1.88095826389
1.80181165059
1.72607339031
1.65361359415
1.5843467589
1.51813992312
1.45482163388
1.39426809566
1.33639951247
1.28110566744
1.22824370585
1.17769314386
1.12938686738
1.08323476816
1.03911701272
0.996929656309
0.956607989083
0.918080687013
0.881246779654
0.846021219367
0.81234165181
0.780153707355
0.749375741415
0.719929503521
0.691765209478
0.664837680156
0.639082623947
0.614431647532
0.590841011781
