1147.44358635
1045.16621072
782.614138303
466.235923682
204.166484335
52.940657859
3.62600003108
8.29050147487
20.4135600788
19.6151144504
9.91157612787
2.60897615456
2.28340596285
5.23460638674
6.28524299751
4.36584983923
2.0358658486
1.54616572562
2.53677653321
3.20445323235
2.66224993891
1.64483028248
1.25494715874
1.63301831066
2.02932166229
1.86161938499
1.33763746761
1.04401224613
1.1859901432
1.42643021378
1.38377362409
1.08755838266
0.866431945359
0.906580560896
1.05548577668
1.06000200283
0.883971246888
0.716669692079
0.710696018886
0.803491551963
0.825096429171
0.718466856778
0.592091903901
0.565994863026
0.623663537082
0.650331505889
0.585381935634
0.489579831356
0.455601989824
0.490265070532
0.517061926471
0.478563001349
0.406019181142
0.370223944087
0.390011959273
0.414373837858
0.392886220233
