4.70883072764
4.70679522093
4.70069563686
4.69055273464
4.6764009501
4.65828815351
4.63627531455
4.61043607849
4.58085625847
4.54763324984
4.51087537334
4.47070115436
4.42723854648
4.38062410752
4.33100213702
4.27852378384
4.22334613295
4.16563128018
4.10554540352
4.0432578393
3.97894017108
3.91276533856
3.84490677333
3.77553756759
3.70482968116
3.63295319166
3.56007559174
3.48636113662
3.41197024455
3.33705895192
3.26177842424
3.18627452339
3.11068743118
3.0351513285
2.95979412883
2.88473726471
2.810095525
2.73597694074
2.66248271694
2.58970720756
2.51773793063
2.44665562038
2.37653431336
2.30744146508
2.23943809421
2.17257895094
2.10691270658
2.04248216124
1.97932446687
1.91747136263
1.85694942029
1.797780297
1.7399809932
1.68356411361
1.62853812929
1.57490763915
1.52267362914
1.47183372787
1.4223824574
1.37431147802
1.32760982618
1.28226414479
1.23825890519
1.19557662025
1.15419804834
1.11410238764
1.07526746079
1.03766988967
1.00128526031
0.966088277921
0.932052912254
0.899152533292
0.867360037617
0.836647965621
0.806988609847
0.778354114789
