5.90092661417
5.89827695275
5.89033604921
5.87712810114
5.85869328942
5.83508755697
5.80638230142
5.77266398443
5.73403366062
5.69060643012
5.64251081908
5.58988809305
5.53289150879
5.4716855103
5.40644487534
5.33735381908
5.26460506161
5.18839886621
5.10894205564
5.02644701336
4.94113067683
4.85321352983
4.76291860057
4.67047047217
4.57609431172
4.48001492404
4.38245583539
4.28363841263
4.18378102222
4.08309823347
3.98180006964
3.88009131006
3.77817084602
3.67623109246
3.57445745714
3.47302786824
3.37211236113
3.27187272425
3.17246220369
3.07402526586
2.97669741669
2.88060507601
2.78586550503
2.69258678458
2.60086784176
2.51079852205
2.42245970399
2.33592345329
2.25125321317
2.16850402756
2.08772279383
2.00894854161
1.93221273442
1.85753959074
1.78494642134
1.71444397954
1.64603682166
