5.78296830255
5.77965721211
5.76974009124
5.75326521115
5.73031242756
5.70099229995
5.66544488542
5.62383823237
5.57636660475
5.52324847165
5.46472430042
5.40105419341
5.33251540908
5.25939980819
5.18201126447
5.10066307697
5.01567541905
4.92737285513
4.83608195325
4.74212901718
4.64583795822
4.54752832254
4.44751348614
4.346099026
4.24358127212
4.14024604229
4.03636755853
3.93220754157
3.82801447762
3.72402304985
3.62045372565
3.51751248952
3.4153907106
3.31426513336
3.2142979796
3.11563715001
3.01841651323
2.92275627124
2.82876338969
2.73653208272
2.64614434228
2.55767050249
2.47116983057
2.38669113634
2.30427339304
2.22394636324
2.14573122384
2.06964118539
1.99568231319
1.92385306235
1.85414697624
1.78655112467
1.72104770077
1.65761432236
1.59622452073
1.53684820393
1.47945209425
1.4240001394
1.37045389766
1.31877289722
1.26891496997
1.2208365607
1.17449301207
1.12983882651
1.08682790574
1.04541376908
1.00554975144
0.967189182171
0.930285545763
0.894792625502
0.860664631183
0.827856311903
0.79632305497
0.766020971949
0.736906972794
0.708938829019
