74.2103748025
73.8855381978
72.9181274102
71.3292144786
69.1532368697
66.4368907461
63.2377709445
59.6226309931
55.6654067893
51.4450629188
47.0433417479
42.542465655
38.0229172167
33.5613301067
29.2285830353
25.0881449747
21.1947136593
17.5932217474
14.3181614982
11.3933168712
8.83180928205
6.63653672333
4.80086247646
3.30963865651
2.14036872683
1.26458731868
0.6493134678
0.258551277001
0.0547610923143
0.000275192116291
0.0585793673092
0.195434348447
0.379806374183
0.584589286925
0.787103124068
0.969345128443
1.11806520614
1.22459925488
1.28456742201
1.29739184799
1.26573322754
1.19483506671
1.09183855287
0.965089585748
0.823477742593
0.675842865535
0.530433127168
0.394499082337
0.273959526837
0.173211123283
0.0950227984173
0.0405525376997
0.0094433357354
8.37110839135e-06
0.00946822148744
0.0342245634131
0.0701647803102
