2.66851431586
2.66796898719
2.66633376435
2.6636109349
2.65980430496
2.65491918949
2.64896239879
2.64194222115
2.63386840184
2.62475211849
2.61460595284
2.60344385918
2.59128112933
2.57813435462
2.56402138467
2.54896128334
2.53297428199
2.51608173018
2.49830604389
2.47967065174
2.46019993905
2.43991919019
2.41885452931
2.39703285973
2.37448180205
2.35122963141
2.32730521392
2.30273794257
2.2775576728
2.25179465792
2.22547948466
2.19864300892
2.17131629204
2.14353053773
2.11531702977
2.08670707084
2.05773192246
2.02842274628
1.99881054689
1.96892611629
1.93879998009
1.90846234563
1.87794305212
1.84727152291
1.81647671991
1.78558710035
1.7546305759
1.72363447419
1.69262550281
1.66162982292
1.63067259219
1.59977857203
1.56897168038
1.5382749573
1.50771100595
1.47730128489
1.44706655
1.4170267274
1.3872009027
1.35760731256
1.32826333866
1.29918550381
1.27038947036
1.24189004062
1.21370115937
1.18583591828
1.15830656221
1.13112449728
1.10430030057
1.07784373143
1.05176374431
1.02606850287
1.00076539549
0.975861051848
0.951361360705
0.927271488568
