5.47962849745
5.47726554059
5.47018376494
5.458404416
5.44196277207
5.4209079491
5.39530262979
5.36522271917
5.33075692962
5.29200629857
5.24908364312
5.20211295573
5.15122874615
5.09657533467
5.03830610233
4.97658270401
4.91157425034
4.8434564648
4.7724108221
4.69862367419
4.62228537023
4.54358937649
4.46273140226
4.37990853738
4.29531840703
4.20915834883
4.121624617
4.03291161817
3.94321118276
3.85271187542
3.76159834781
3.67005073625
3.57824410651
3.48634794739
3.39452571435
3.30293442401
3.21172429988
3.12103846918
3.03101271038
2.94177525049
2.85344661108
2.76613950128
2.67995875624
2.59500131875
2.51135626192
2.42910485043
2.34832063766
2.26906959615
2.19141027837
2.11539400518
2.04106507885
1.96846101799
1.89761281134
1.82854518774
1.76127689953
1.69582101667
1.63218522916
