4.62467753617
4.62300824906
4.61800456523
4.60967899796
4.59805233865
4.58315356121
4.5650196892
4.54369562645
4.51923395263
4.49169468483
4.46114500712
4.42765896967
4.3913171596
4.35220634572
4.31041909952
4.26605339487
4.21921218917
4.17000298833
4.11853739872
4.06493066854
4.00930122159
3.95177018617
3.89246092196
3.83149854745
3.76900947066
3.70512092575
3.63996051783
3.57365577837
3.5063337334
3.43812048646
3.36914081826
3.29951780462
3.22937245427
3.15882336781
3.08798641898
3.01697445915
2.94589704577
2.87486019537
2.80396616152
2.73331323777
2.66299558585
2.59310308875
2.5237212285
2.45493098818
2.38680877754
2.31942657228
2.25285112666
2.18714509467
2.12236608926
2.05856771462
1.99579839819
1.93410226288
1.87351900757
1.81408400234
1.75582839648
1.69877923817
1.64295960444
