55.5619687992
55.2028704175
54.1390056193
52.409936267
50.0792153377
47.2309817707
43.9654984939
40.3939435684
36.6327701341
32.797989851
28.999748039
25.3374786625
21.8959331764
18.7422675651
15.9243165274
13.4700866557
11.3884276626
9.67072347911
8.29347656168
7.2214889431
6.41141387208
5.81539997215
5.38458414951
5.07219908569
4.83613823102
4.64084341386
4.45847897636
4.26936981802
4.06177830744
3.83111989527
3.57874806674
3.31045479718
3.03487105874
2.76189069433
2.50125383963
2.26139955479
2.04864143226
1.86669339147
1.71655415075
1.5966814276
1.50343555794
1.43167215691
1.37543321568
1.32863277305
1.28567647074
1.24196039164
1.19419389122
1.14055274761
1.08066612992
1.01542912737
0.946719240038
0.877031151274
0.809089389498
0.745480969794
0.688342979402
0.639141761095
0.598549798471
