4.08989601345
4.08853509043
4.08445554451
4.07766703064
4.06818559268
4.05603359209
4.04123960877
4.02383831483
4.00387032195
3.98138200357
3.95642529296
3.92905745857
3.89934085819
3.86734267343
3.83313462643
3.79679268037
3.75839672595
3.71803025566
3.67578002785
3.63173572274
3.58598959231
3.53863610626
3.48977159595
3.43949389838
3.38790200212
3.33509569715
3.28117523031
3.2262409681
3.17039306852
3.11373116332
3.05635405216
2.99835940985
2.93984350785
2.88090095099
2.8216244303
2.76210449264
2.7024293277
2.64268457286
2.58295313616
2.52331503762
2.46384726891
2.40462367136
2.34571483205
2.28718799781
2.22910700661
2.17153223599
2.1145205679
2.05812536929
2.00239648782
1.94738026197
1.89311954458
1.83965373912
1.78701884787
1.73524753089
1.68436917512
1.63440997257
1.58539300667
1.53733834592
1.49026314399
1.44418174528
1.39910579515
1.35504435404
1.31200401458
1.26998902108
1.22900139049
1.18904103435
1.15010588097
1.11219199723
1.07529370959
1.03940372364
1.00451324186
0.970612079041
0.937688775177
0.905730705313
0.874724222116
0.844654617205
