5.83454060743
5.83185223614
5.82379576189
5.81039705222
5.79169904894
5.76776151365
5.73866067466
5.7044887785
5.66535354999
5.62137756569
5.57269754625
5.51946357381
5.46183824121
5.3999957404
5.33412089756
5.26440816316
5.19106056509
5.11428863343
5.03430930521
4.95134481774
4.86562159876
4.77736916165
4.68681901345
4.59420358331
4.49975517832
4.40370497352
4.30628204193
4.20771243033
4.10821828551
4.00801703544
3.90732062876
3.8063348357
3.7052586128
3.60428353277
3.50359328096
3.4033632184
3.30376001151
3.20494132771
3.10705559548
3.01024182746
2.91462950412
2.82033847678
2.72747915925
2.6361521882
2.54644891012
2.45845133001
2.37223233485
2.28785591571
2.20537742357
2.12484385498
2.04629416357
1.96975959378
1.89526403298
1.82282437837
1.75245091543
1.68414770429
1.61791297132
