5.2243033745
5.22208281909
5.21542788952
5.20435875723
5.18890891314
5.16912497651
5.14506642989
5.11680528219
5.08442566301
5.04802335172
5.0077052453
4.96358876948
4.9158016449
4.86447916717
4.80976754555
4.75181907458
4.69079337634
4.62685618056
4.56017849524
4.49093576737
4.41930703992
4.34547411109
4.26962070182
4.19193163679
4.11259204457
4.03178658158
3.94969868448
3.86650985523
3.7823989823
3.69754170148
3.61210979899
3.52627065914
3.44018675842
3.35401520738
3.26790734117
3.18200835916
3.09645701375
3.0113853479
2.92691848067
2.84317443964
2.76026403886
2.67829080045
2.59735091813
2.5175332603
2.43891941048
2.36158374246
2.28559352765
2.21100907196
2.13788387934
2.06626483929
1.99619243566
1.92770097383
1.86081882376
1.79556890049
1.73196804577
1.67002861293
1.60975762994
