5.96655990544
5.96360416887
5.95474756108
5.94002181512
5.91947957815
5.89319405219
5.86125849659
5.82378559745
5.78090671063
5.73277098632
5.67954438419
5.62140858919
5.55855983914
5.49120767556
5.41957363019
5.34388985981
5.26439774217
5.18134644604
5.09499148813
5.00559328951
4.91341574361
4.81872480752
4.72178712734
4.62286870796
4.52223363635
4.42014286694
4.31685307623
4.21261559306
4.10767540981
4.00227027864
3.8966298959
3.79097517684
3.68551762158
3.5804587726
3.47598976279
3.37229095258
3.26953165372
3.16786993652
3.06745251712
2.9684147204
2.87088051396
2.7749626083
2.68076261783
2.58837127738
2.49786870866
2.4093247311
2.32279921149
2.238342447
2.15599557623
2.07579101311
1.9977528988
1.92189756681
1.84823401699
1.77676439438
1.70748446891
1.64038411284
1.57544777247
