3.14211750283
3.14137421772
3.13914555466
3.13543508697
3.13024875866
3.12359486717
3.1154840394
3.10592920091
3.09494553874
3.08255045767
3.06876353038
3.05360644161
3.03710292648
3.0192787034
3.00016140177
2.97978048464
2.95816716698
2.93535432952
2.91137642878
2.88626940353
2.86007057814
2.83281856306
2.80455315302
2.77531522317
2.74514662367
2.71409007305
2.68218905085
2.64948768976
2.61603066783
2.58186310103
2.54703043658
2.51157834729
2.47555262752
2.43899909078
2.40196346952
2.36449131738
2.32662791403
2.28841817313
2.24990655337
2.21113697313
2.17215272866
2.13299641617
2.09370985802
2.05433403291
2.01490901055
1.97547389055
1.93606674591
1.896724571
1.85748323406
1.81837743437
1.77944066397
1.74070517394
1.70220194521
1.66396066389
1.62600970089
1.58837609601
1.55108554608
