4.19618249294
4.1946180053
4.18992900867
4.18212887626
4.17123981143
4.15729272063
4.14032703706
4.12039049697
4.09753887036
4.07183564889
4.04335169363
4.01216484588
3.97835950467
3.94202617442
3.90326098695
3.86216520159
3.81884468788
3.77340939476
3.72597281059
3.67665141825
3.62556414908
3.57283183992
3.51857669678
3.46292176874
3.4059904354
3.34790591098
3.28879076772
3.22876648115
3.16795299937
3.1064683382
3.0444282037
2.98194564333
2.91913072667
2.85609025624
2.7929275089
2.72974200772
2.66662932426
2.60368091078
2.54098396169
2.47862130351
2.41667131223
2.35520785697
2.29430026864
2.23401333214
2.17440730079
2.11553793121
2.05745653733
2.00021006167
1.94384116244
1.88838831476
1.83388592444
1.78036445271
1.72785055048
1.67636720048
1.62593386611
1.57656664547
1.52827842936
1.48107906215
1.43497550427
1.3899719954
1.34607021738
1.30326945602
1.26156676091
1.22095710279
1.1814335275
1.14298730637
1.10560808224
1.06928401093
1.03400189776
0.999747328755
0.966504796572
0.934257820661
0.902989061819
0.87268043094
0.843313191962
0.814868059033
