8.49893665336
8.49107858529
8.46759727172
8.42871982565
8.3747859789
8.30626866352
8.22375433853
8.12792900401
8.01956468884
7.89950405622
7.76864577365
7.62792944233
7.47832166482
7.32080253668
7.15635354224
6.985946358
6.81053316807
6.6310380987
6.44835012534
6.26331712504
6.07674125557
5.88937538631
5.70192064946
5.51502488177
5.32928195987
5.14523183534
4.96336124163
4.78410490993
4.60784725627
4.43492440445
4.2656265077
4.100200263
3.93885158123
3.78174833795
3.62902316852
3.48077626196
3.33707811575
3.19797223086
3.06347771595
2.93359178749
2.80829214881
2.68753924897
2.57127838296
2.45944168739
2.35194997721
2.24871439145
2.14963806235
2.05461744722
1.96354353933
1.87630345611
1.79278088354
1.71285728759
1.63641354704
1.56332878428
1.49348288269
1.42675726949
1.36303209838
