54.6330349201
54.1563930431
52.7533709762
50.5024141801
47.5269472592
43.9851911364
40.0573794255
35.9316935521
31.790225319
27.796346496
24.0845577353
20.7536591649
17.8636019584
15.4360788278
13.4584363424
11.8901718643
10.6711505118
9.73046778533
8.99499404205
8.39672444654
7.87833012338
7.39656797616
6.92346872483
6.44554126669
5.96141443097
5.4784419663
5.0089195678
4.5664372961
4.16284670525
3.8061494993
3.49944544154
3.24088705068
3.02447836393
2.84145818954
2.68192721229
2.53643647096
2.39726860602
2.25926912899
2.12011215319
1.980115637
1.84159125938
1.70800497878
1.58304364491
1.46979693867
1.37016072356
1.28454517704
1.21188271558
1.14992443325
1.09569511269
1.04605469054
0.998219702596
0.950162641082
0.900842639177
0.850230559751
0.799153937481
0.749006546863
0.701391182538
