1001.4089532
927.123647761
731.166227814
480.785319708
251.240510338
93.2491456775
17.4668164266
1.390505598
10.4256149963
18.3613761554
16.2446382426
8.37940526439
2.33297241003
1.41496669928
3.62580916258
5.24661927005
4.53915373613
2.52594942759
1.16537944802
1.2883346361
2.15928809749
2.57798600609
2.11087903167
1.29728366239
0.895381024159
1.10531423831
1.50006943638
1.57305816229
1.24612706672
0.857499325138
0.746567367235
0.91818906408
1.09853272361
1.05705647541
0.82895405405
0.634073464991
0.626296159267
0.747450542591
0.820159616256
0.744664908094
0.588870488109
0.494578531453
0.522605239981
0.601028537838
0.617388245098
0.539042836864
0.436351738187
0.39731711976
0.434235887562
0.480092756862
0.467598092231
0.398322330381
0.334363071061
0.325074679855
0.359158420045
0.381300240355
0.355378604521
