8.59700391963
8.58946218562
8.56689584432
8.5294802528
8.47750382473
8.4113626687
8.33155339276
8.23866430673
8.13336539551
8.01639737223
7.88856012161
7.75070085937
7.60370228943
7.44847101749
7.28592644651
7.11699033424
6.94257716002
6.76358540647
6.58088982606
6.39533473157
6.20772831824
6.01883800253
5.82938674114
5.64005027756
5.45145525169
5.26417809865
5.07874465778
4.89563041032
4.71526126317
4.53801479869
4.36422191296
4.19416876947
4.02809900071
3.86621609525
3.70868591461
3.55563929014
3.40717465615
3.26336068177
3.12423886959
2.9898260942
2.8601170592
2.73508665517
2.61469220536
2.49887558965
2.38756523997
2.28067800354
2.17812087239
2.07979257967
1.98558506481
1.89538481091
1.809074059
1.72653190419
1.64763527978
1.57225983555
1.5002807168
1.43157325061
1.36601354628
