2.34897057078
2.34854004372
2.34724901011
2.34509911132
2.34209307874
2.33823472731
2.33352894668
2.3279816897
2.32159995862
2.31439178878
2.30636622998
2.29753332559
2.28790408941
2.27749048041
2.26630537546
2.25436254009
2.24167659737
2.2282629951
2.21413797134
2.19931851845
2.18382234566
2.16766784049
2.15087402892
2.13346053456
2.115447537
2.09685572934
2.07770627512
2.05802076473
2.03782117157
2.01712980786
1.99596928042
1.97436244651
1.95233236977
1.92990227652
1.90709551239
1.88393549954
1.86044569449
1.83664954668
1.81257071646
1.78823174255
1.76365658928
1.73886802326
1.71388887003
1.68874172043
1.66344889703
1.63803242178
1.6125139853
1.58691491758
1.56125616021
1.53555824032
1.50984124603
1.48412480355
1.458428056
1.43276964386
1.40716768708
1.38163976892
1.35620292134
1.33087361222
1.30566773404
1.28060059431
1.25568690749
1.23094078853
1.20637574793
1.18200468822
1.15783990197
1.13389307113
1.11017526773
1.0866970102
1.06346805088
1.04049770183
1.01779462761
0.995366904697
0.973222029186
0.951366925337
0.929807955074
0.908550928281
