1560.14696457
1420.85828966
1063.28810221
632.416689302
275.517019345
69.5816991501
2.44582080082
8.82924882375
25.3745780952
24.3253238403
11.1519417449
1.25078505665
0.855015230168
4.92379849722
6.4073819909
3.84679179862
0.729691094236
0.119014447131
1.52578301914
2.49289795445
1.81229955928
0.484359916186
0.0113576512359
0.58337976165
1.17931153984
1.00648600497
0.347641683155
0.000780372964024
0.246057281466
0.624331055814
0.616899775288
0.262257200854
0.00815171649199
0.108351323088
0.355153567596
0.403404528811
0.204709943192
0.0169260817069
0.0470403788128
0.210373319934
0.275118721058
0.16340123276
0.0236354496039
0.0191138802357
0.127681107551
0.192789988246
0.131730072611
0.0276433690238
0.00638700562655
0.0780927447268
0.137745073912
0.107816766646
0.0302607060625
0.001843899704
0.0478234511553
0.0994693242057
0.0885567176007
