7.22497949244
7.22075268058
7.20808973955
7.18704301747
7.15769931146
7.12017919847
7.07463610961
7.02125515883
6.96025173958
6.89186990569
6.81638055516
6.73407943731
6.64528500573
6.55033614061
6.44958976512
6.34341838123
6.23220755044
6.1163533449
5.9962597941
5.87233635127
5.74499540272
5.61464984205
5.48171072947
5.34658505465
5.20967361967
5.07136905646
4.93205399093
4.79209936376
4.6518629155
4.51168784161
4.37190162052
4.23281501593
4.09472125272
3.9578953635
3.82259370167
3.68905361498
3.55749327234
3.42811163546
3.30108856596
3.1765850577
3.05474358371
2.93568854634
2.81952681936
2.7063483705
2.59622695294
2.4892208546
2.38537369435
2.28471525464
2.18726234064
2.09301965666
2.00198069096
1.91412860118
1.82943709299
1.74787128553
1.66938855781
1.59393937104
1.52146806264
