5.04371353976
5.04167014185
5.0355458028
5.02535805531
5.01113601611
4.99292023028
4.97076286185
4.94472538481
4.91488231983
4.88131678091
4.84412207351
4.80340080461
4.75926435609
4.71183231896
4.6612318925
4.60759725326
4.5510688983
4.49179296789
4.42992055226
4.36560698759
4.29901114597
4.23029472432
4.15962153679
4.08715681533
4.01306652265
3.93751668182
3.8606727261
3.78269887287
3.70375752449
3.6240086994
3.54360949559
3.46271358897
3.38147076823
3.30002650775
3.2185215796
3.13709170553
3.05586724905
2.97497294804
2.89452768732
2.8146443109
2.73542947294
2.6569835264
2.57940044817
2.5027677991
2.42716671726
2.35267194271
2.27935187171
2.2072686385
2.13647822223
2.06703057728
1.99896978435
1.93233441144
1.86715694783
1.80346511577
1.74128113106
1.68062299202
1.62150339641
