2.77792071172
2.77728161721
2.77536539853
2.77217524684
2.76771646945
2.76199647296
2.75502473974
2.74681279794
2.73737418512
2.72672440566
2.71488088221
2.70186290146
2.68769155434
2.67238967107
2.65598175136
2.63849389005
2.61995369848
2.60039022219
2.57983385499
2.55831625012
2.53587022864
2.51252968566
2.48832949467
2.46330541046
2.43749397103
2.41093239885
2.38365850198
2.35571057533
2.32712730246
2.29794765837
2.26821081357
2.23795603979
2.20722261766
2.17604974659
2.14447645738
2.11254152744
2.08028339923
2.04774010197
2.01494917675
1.98194760546
1.9487717434
1.91545725594
1.88203905918
1.8485512648
1.81502712911
1.78149900631
1.74799830606
1.71455545532
1.68119986438
1.64795989718
1.61486284568
1.58193490841
1.54920117292
1.51668560217
1.48441102465
1.45239912821
1.42067045726
1.3892444135
1.35813925972
1.3273721267
1.29695902299
1.26691484735
1.23725340377
1.20798741883
1.17912856124
1.15068746334
1.12267374451
1.09509603613
1.06796200812
1.04127839671
1.01505103338
0.989284874789
0.963984033563
0.939151809699
0.914790722553
0.890902543217
