824.032898147
823.385697176
821.98888391
819.669782138
816.441067435
812.320252871
807.329244487
801.494111402
794.844665946
787.414213795
779.238920579
770.357538646
760.811653385
750.643169668
739.896638231
728.616781543
716.849170826
704.639603778
692.033632006
679.07623334
665.812046485
652.284436994
638.535808508
624.606669753
610.537270222
596.364844225
582.125510437
567.853061718
553.580482607
539.337306978
525.152288723
511.051788635
497.060224855
483.199948452
469.491600108
455.953841169
442.603642397
429.45608946
416.524764277
403.821517217
391.356691229
379.139398715
367.17684236
355.475453665
344.040447254
332.875411863
321.983868224
311.366550237
301.025677411
290.960862019
281.171648005
271.656672406
262.414035783
253.441325487
244.735837292
236.293693466
228.111265783
220.184565422
212.508877952
205.079562657
197.891642642
190.9399364
184.219219264
177.723986723
171.448769875
165.387914186
159.535817101
153.88680285
148.435318056
143.17548027
138.101837342
133.208803737
128.49083016
123.942451855
119.558278315
115.33310051
