6.08122793267
6.07830926943
6.06956303888
6.05501845827
6.03472402257
6.00874720582
5.97717404683
5.9401086233
5.89767241897
5.85000358991
5.79725613633
5.73959898772
5.67721500934
5.6102999389
5.5390612628
5.4637170415
5.38449469413
5.30162975237
5.21536459371
5.12594716437
5.03362970161
4.93866746514
4.841317487
4.74183734849
4.6404839927
4.53751258006
4.43317539403
4.32772080315
4.22139228501
4.11442751683
4.0070575366
3.89950597794
3.79198838095
3.68471158067
3.57787317389
3.47166106442
3.36625308605
3.2618167021
3.15850877959
3.05647543549
2.9558519524
2.85676276003
2.75932147899
2.66363102274
2.56978375357
2.47786168798
2.38793674704
2.30007104713
2.21431722612
2.13071880069
2.04931054998
1.9701189212
1.8931624529
1.81845221169
1.74599223856
1.67578000107
1.60780661083
