50.2392785888
49.7537922777
48.3306448073
46.0662790864
43.1102500191
39.6499840491
35.8921806062
32.0432640388
28.291155426
24.7904332412
21.6524005294
18.9408721364
16.6735449986
14.8283313347
13.3532107865
12.1779746399
11.2260814036
10.4251229478
9.71465462658
9.0508300643
8.40765836242
7.77543874877
7.15701430375
6.56292952931
6.00646201039
5.49937353795
5.0489826434
4.65680815083
4.31870132346
4.02616668721
3.76839335456
3.5344264829
3.31504360063
3.10399720811
2.89844005025
2.69862508922
2.50699826128
2.32701091818
2.16191574521
2.01381890059
1.88314688218
1.76857881735
1.66740564851
1.57615014057
1.49131157045
1.4100236133
1.33049356321
1.25215570212
1.17555313438
1.10196026683
1.0329203511
0.969763856573
0.913247704524
0.863371765809
0.819393712567
0.780022199466
0.743724313976
