33129.3857528
1478.63821285
236.888864898
81.7088586655
38.8743913581
21.6641486158
13.4523096678
8.91720158873
6.20620289008
4.42569215421
3.20397551943
2.37319504133
1.72318889512
1.42752126665
1.09096339772
0.813304078311
0.762047485465
0.460961266407
0.480861022997
0.511713647854
0.327279867243
0.336878133786
0.377656322639
0.25647312422
0.259832547891
0.336127490678
0.181159355852
0.182919017791
0.357973509381
0.292599628821
0.239536849129
0.259629979106
0.308097937371
0.342511227102
0.346040365017
0.229851461528
0.297567817086
0.189086997821
0.467474601092
0.236956944579
0.294222334908
0.259814367377
0.221253502266
0.183322688092
0.292141900036
0.234966117422
0.136518274868
0.260938011622
0.270351161733
0.115430807452
0.212928136247
0.148090172094
0.244329736344
0.138151327112
0.171001604276
0.17909386023
0.0916822583421
