925.731022074
876.050686762
740.099892683
552.369093887
356.489439334
190.727872564
77.1100349082
17.9923189301
0.297759546756
4.36000225737
12.8625432996
16.1925981318
12.9206655616
6.61706156694
1.59920693238
0.00141467803415
1.19710411864
3.080502953
3.84797589744
3.04903912005
1.47236247119
0.26178900149
0.0399033459168
0.60802399793
1.27947409305
1.46848666396
1.07520600543
0.448760771434
0.0421372728927
0.0655381889363
0.381708764435
0.670135931862
0.693558944531
0.4544657765
0.15241672472
0.00264066544002
0.0745581365757
0.263696242856
0.395386539214
0.366006407863
0.20916611334
0.050869217581
0.00155646341839
0.0752140214413
0.191705412944
0.249332444899
0.205212641304
0.0991142043824
0.0144324593075
0.00814507548989
0.0711739601731
0.142849625647
0.16302567895
0.11806365293
0.0462057995706
0.00252684963645
0.0147890840132
