8.0735962664
8.06782863067
8.05055704133
8.02187511249
7.98193774218
7.93095944493
7.86921205854
7.79702186487
7.71476617406
7.62286943
7.52179890192
7.41206003208
7.29419151349
7.16876017356
7.03635573996
6.89758556371
6.75306937195
6.60343411871
6.44930899671
6.29132066739
6.13008875902
5.96622167572
5.80031275206
5.63293678042
5.46464693017
5.29597207031
5.12741450011
4.95944808557
4.79251679357
4.62703361015
4.463379825
4.3019046603
4.14292521888
3.98672672473
3.8335630269
3.68365733723
3.53720317184
3.39436546666
3.25528183784
3.12006395926
2.98879903044
2.86155131009
2.73836369237
2.61925930504
2.50424311047
2.39330349307
2.28641381856
2.18353395243
2.08461172741
1.98958435105
1.89837974686
1.81091782364
1.72711166936
1.64686866727
1.57009153297
1.49667927245
1.42652806173
