2.09973643407
2.09940334301
2.09840442885
2.09674076804
2.09441415228
2.09142708505
2.08778277676
2.08348513844
2.07853877415
2.07294897206
2.06672169419
2.0598635649
2.0523818581
2.04428448334
2.03557997061
2.02627745416
2.01638665509
2.00591819383
1.99488191695
1.98329018453
1.97115454144
1.95848734919
1.94530143254
1.93161005612
1.91742690041
1.90276603727
1.88764190485
1.87206928218
1.85606326329
1.83963923116
1.82281283132
1.80559994539
1.78801666445
1.7700792624
1.7518041694
1.73320794531
1.71430725339
1.69511883414
1.67565947946
1.65594600713
1.63599523565
1.61582395958
1.59544892534
1.57488680749
1.55415418574
1.53326752241
1.51224314071
1.49109720362
1.46984569359
1.44850439292
1.42708886504
1.40561443656
1.38409618015
1.36254889834
1.34098717863
1.31942509783
1.29787662955
1.27635535146
1.25487450355
1.23344697731
1.21208530599
1.19080165564
1.1696078172
1.1485151994
1.12753482262
1.10667731366
1.08595290132
1.06537141288
1.04494219575
1.0246744183
1.00457661504
0.984656988655
0.964923334988
0.945383044251
0.926043102956
0.906910096505
