11.7000306195
11.6846792645
11.6388351515
11.5631166264
11.4585190943
11.3263713303
11.1682866793
10.9861130325
10.7818823973
10.5577602375
10.3159959151
10.0588764557
9.788685394
9.50766722817
9.21799722947
8.92175636365
8.62091133247
8.31729966099
8.01261939835
7.70842277703
7.40611325251
7.10694550367
6.81202798764
6.52232755207
6.23867559459
5.96177536809
5.69221014268
5.43045195819
5.17687068384
4.93174313475
4.69526207875
4.46754502768
4.24864271286
4.03854722034
3.83719922061
3.64449553414
3.46029529498
3.28442604057
3.11668916006
2.95686485164
2.80471646226
2.65999450389
2.52244013386
2.39178822828
2.26777005588
2.15011560093
2.03855556037
1.93282304606
1.83265500905
1.73779342246
1.64798625269
1.56298824393
1.48256153145
1.40647610309
1.33451013233
1.26644998063
1.20209121021
