449.210999989
449.11073442
448.810092625
448.309538897
447.60984559
446.71209093
445.617655954
444.328220608
442.845759
441.172533848
439.311090134
437.264247997
435.035094886
432.626977021
430.043490185
427.288469888
424.365980948
421.280306523
418.035936653
414.637556338
411.090033216
407.398404887
403.567865919
399.603754608
395.511539517
391.296805874
386.965241845
382.522624762
377.974807341
373.32770393
368.587276858
363.759522906
358.850459956
353.866113865
348.812505589
343.695638615
338.521486718
333.295982097
328.025003896
322.714367173
317.369812308
311.996994898
306.601476156
301.188713824
295.764053619
290.332721239
284.899814914
279.470298532
274.048995338
268.640582199
263.249584458
257.880371348
252.537151979
247.223971896
241.944710175
236.703077075
231.502612217
226.346683281
221.238485202
216.181039854
211.177196205
206.229630909
201.340849337
196.513187007
191.748811405
187.049724162
182.417763579
177.854607461
173.361776252
168.940636435
164.592404183
160.31814923
156.118798952
151.995142616
147.94783579
143.977404894
