622.497197921
622.277891577
621.6205639
620.526985753
619.000097899
617.043995087
614.663903974
611.866155078
608.658149004
605.048317244
601.046077892
596.661786644
591.906683515
586.792835697
581.333077049
575.540944692
569.430613219
563.016827025
556.314831274
549.340302006
542.109275883
534.638080064
526.943262673
519.041524306
510.949650989
502.684448992
494.262681845
485.701009878
477.015932588
468.223734066
459.340431719
450.381728446
441.362968423
432.299096594
423.204621938
414.093584557
404.979526569
395.875466809
386.793879256
377.746675128
368.745188535
359.800165566
350.921756676
342.119512219
333.402380949
324.778711325
316.25625542
307.84217526
299.543051374
291.364893387
283.31315243
275.392735193
267.608019426
259.962870689
252.46066019
245.104283516
237.89618011
230.838353321
223.932390886
217.179485704
210.580456766
204.13577013
197.84555982
191.709648559
185.727568234
179.898580021
174.22169409
168.695688832
163.31912955
158.090386564
153.007652699
148.068960117
143.272196468
138.615120342
134.095376013
129.710507455
