378.628000558
378.558439333
378.349842762
378.002471955
377.516761434
376.893318146
376.132920084
375.236514525
374.205215883
373.040303191
371.743217225
370.315557264
368.759077516
367.075683204
365.267426336
363.336501179
361.285239427
359.116105111
356.83168924
354.434704214
351.927978
349.31444812
346.597155445
343.779237827
340.863923584
337.854524865
334.754430906
331.567101199
328.296058602
324.944882405
321.51720136
318.016686726
314.447045311
310.812012557
307.115345678
303.360816864
299.552206575
295.693296945
291.787865298
287.839677808
283.852483311
279.830007275
275.775945954
271.693960737
267.587672683
263.460657289
259.316428362
255.158477681
250.990203684
246.814951714
242.635998802
238.456549859
234.279734125
230.108612446
225.946131857
221.795186534
217.658572709
213.538997096
209.439074893
205.361328056
201.308183819
197.28197346
193.28493132
189.319194055
185.38680012
181.489689486
177.629703567
173.808585371
170.027979844
166.289434417
162.594399742
158.944230596
155.34018697
151.783435307
148.275049897
144.81601441
