89.0130873856
88.5458760253
87.1564833079
84.8811836051
81.7789434547
77.929311963
73.4295133797
68.390996901
62.9355068825
57.1908782917
51.2867318952
45.3502200728
39.5020268105
33.8527764774
28.4999507435
23.5254534626
18.9938957988
14.9516064813
11.4264343156
8.42823161648
5.95003305447
3.9698150428
2.45268325301
1.35345462933
0.619385512667
0.193025200869
0.0149645761724
0.0264365616882
0.171617502345
0.399557767541
0.665699308838
0.932940873012
1.17220951127
1.36261457009
1.49116017433
1.55212487688
1.54613656319
1.47903500507
1.3606166034
1.20332215522
1.02096774925
0.827552854593
0.636240956388
0.45852748695
0.303630384418
0.1781101571
0.0857186909429
0.027468048098
0.00186346331957
0.00530650416619
0.0325743743488
0.0773767542682
0.132932460161
0.192494733364
0.249845998507
0.299679110821
0.337904104413
