3.81957414237
3.81846346833
3.81513365057
3.8095912942
3.80184738124
3.79191723106
3.77982044522
3.76558083714
3.74922634687
3.7307889415
3.7103045016
3.68781269452
3.66335683499
3.63698373388
3.6087435359
3.57868954705
3.54687805263
3.51336812699
3.4782214356
3.4415020308
3.40327614194
3.3636119611
3.32257942536
3.2802499966
3.23669643998
3.19199260189
3.14621318858
3.09943354629
3.05172944386
3.00317685871
2.95385176705
2.90382993913
2.8531867403
2.80199693862
2.75033451959
2.69827250872
2.64588280244
2.5932360078
2.5404012914
2.48744623799
2.43443671891
2.38143677069
2.32850848403
2.27571190309
2.22310493542
2.17074327234
2.11868031969
2.06696713908
2.0156523992
1.96478233723
1.91440072992
1.86454887421
1.81526557699
1.76658715367
1.71854743519
1.67117778305
1.62450711194
