7.38171224572
7.37699530533
7.36286699959
7.33939466368
7.30668982268
7.26490715206
7.21424304443
7.15493380345
7.0872534917
7.0115114636
6.92804961879
6.83723941455
6.73947867854
6.63518826489
6.5248085973
6.40879614353
6.28761986435
6.16175767914
6.03169298795
5.89791128741
5.76089691459
5.62112994938
5.47908330212
5.33522000912
5.18999075433
5.04383163151
4.89716215665
4.75038353666
4.60387719633
4.45800356202
4.31310109725
4.16948558236
4.02744962798
3.88726240969
3.74916960949
3.61339354851
3.48013349389
3.34956612249
3.22184612353
3.09710692224
2.97546150678
2.8570033412
2.74180734777
2.62993094298
2.52141511231
2.41628551004
2.31455357141
2.21621762581
2.12126400067
2.02966810704
1.94139549904
1.85640290054
1.77463919339
1.69604636277
1.62056049385
1.54811213234
1.47862806155
