1824.61022921
1404.0072691
590.387916059
89.9958539692
12.3732817587
40.3325419082
21.4283878443
8.30703079798
14.8124768533
12.0988622088
7.31126952782
9.32280703371
8.77296774373
6.37015737652
6.99003566788
6.87147895437
5.44737539779
5.55045657784
5.52542942325
4.59572762431
4.4954681059
4.49164331274
3.85507480172
3.67470132627
3.67045042202
3.22491451146
3.02753101668
3.01924926854
2.69912020657
2.50608938957
2.49569344983
2.26621951619
2.08873500834
2.07537039205
1.91011100666
1.7517592261
1.73502968781
1.61637660464
1.47926795776
1.45940372736
1.3731638083
1.25496646129
1.23345682922
1.17339929217
1.0718850905
1.0485847297
1.00615585621
0.920961217705
0.896283008555
0.866049741763
0.794986623151
0.770564299156
0.749707515064
0.68896363772
0.663804467892
0.651018050586
0.601645642383
