272.385871725
268.027166686
255.297896513
235.200233306
209.280942913
179.463796871
147.846411908
116.48758236
87.2117484849
61.4534878461
40.1583421398
23.7477949708
12.1478948488
4.87123126904
1.13668451062
0.00710871583892
0.525192702377
1.82916539797
3.23626397083
4.28682846418
4.74961651383
4.59335718367
3.93520433391
2.97780057132
1.9469503097
1.03985344556
0.390620923142
0.0554330991865
0.0162412956803
0.198601599041
0.497620499366
0.805376882579
1.03401654747
1.1307464349
1.08293896605
0.913879395199
0.671610659651
0.414175711204
0.195094022905
0.0519531522719
0.000262278469918
0.0330606471493
0.125523517965
0.243006185985
0.35017069283
0.419069458219
0.434602787354
0.396214206642
0.316308845771
0.215772234359
0.118016127057
0.0433625701713
0.00460078351397
0.00482172963043
0.037767626564
0.0902767468347
0.146107009822
