3.78353591843
3.78232486893
3.77869456931
3.77265355327
3.7642160005
3.75340167227
3.74023582197
3.72474908111
3.70697732172
3.68696149605
3.66474745474
3.64038574464
3.61393138788
3.58544364347
3.55498575322
3.5226246736
3.48843079532
3.45247765255
3.41484162343
3.37560162404
3.33483879746
3.29263619992
3.24907848587
3.20425159374
3.1582424342
3.11113858246
3.06302797642
3.01399862191
2.96413830665
2.9135343241
2.86227320838
2.81044048139
2.75812041299
2.70539579504
2.65234773011
2.59905543522
2.54559606116
2.49204452777
2.43847337508
2.38495263076
2.33154969353
2.27832923258
2.22535310265
2.17268027454
2.12036678053
2.06846567432
2.01702700497
1.96609780405
1.91572208561
1.86594085801
1.81679214711
1.76831102991
1.72052967793
1.67347740949
1.62718075025
1.58166350096
1.53694681191
1.49304926315
1.44998694974
1.40777357134
1.36642052542
1.32593700342
1.28633008913
1.2476048588
1.20976448232
1.17281032495
1.13674204906
1.10155771541
1.06725388366
1.03382571149
1.0012670522
0.969570550262
0.938727734753
0.908729110218
0.879564244876
0.851221855941
