487.5516059
472.113672423
428.219358908
362.599526785
284.850672944
205.443923467
133.689251545
76.1403917416
35.7769744786
12.0773533787
1.84798715615
0.498804151516
3.3764217403
6.80972438715
8.65679601403
8.31544090573
6.31819700245
3.72746761247
1.55890643961
0.402846437986
0.312396413855
0.922841163417
1.69958132979
2.19001273474
2.18297327538
1.73614832796
1.08939311589
0.523676718286
0.232720357379
0.257851106994
0.499059204511
0.784382079484
0.956699705947
0.938955411394
0.753406428256
0.495016855894
0.277221226653
0.178906505321
0.214458030408
0.337047036038
0.468357897176
0.538295584858
0.51495577864
0.413765253024
0.284105333001
0.182410494418
0.14559234725
0.176678612532
0.247664865057
0.315863375788
0.345310648929
0.322193889795
0.258874230894
0.185000382549
0.13226818011
0.119238657796
0.144400291323
