4.30742007795
4.30595556066
4.3015654897
4.29426029257
4.28405729732
4.27098065647
4.25506124095
4.23633650513
4.21485032366
4.19065280115
4.16380005616
4.13435398062
4.10238197659
4.06795667166
4.03115561518
3.99206095701
3.95075911086
3.90734040431
3.86189871768
3.81453111377
3.76533746087
3.71442005103
3.66188321585
3.60783294192
3.55237648796
3.49562200571
3.43767816647
3.3786537952
3.3186575139
3.25779739584
3.19618063228
3.13391321293
3.07109962157
3.00784254767
2.94424261531
2.88039812992
2.81640484371
2.75235574021
2.68834083837
2.62444701643
2.56075785569
2.49735350412
2.43431055974
2.37170197346
2.30959697094
2.24806099315
2.187155655
2.12693872123
2.06746409917
2.00878184722
1.9509381985
1.89397559851
1.83793275615
1.78284470685
1.72874288713
1.67565521926
1.62360620537
