8.13473723154
8.12852881151
8.10994167333
8.07908968611
8.03616098752
7.98141555672
7.91518189332
7.837852876
7.74988089078
7.65177233231
7.54408159171
7.42740465065
7.30237240437
7.16964383569
7.02989915809
6.88383303952
6.73214800948
6.57554814101
6.41473308695
6.25039253672
6.08320114646
5.91381398143
5.74286249716
5.57095107283
5.39865409949
5.2265136153
5.05503747133
4.88469800362
4.71593118148
4.54913619711
4.38467545789
4.22287494108
4.06402486866
3.90838066069
3.75616412553
3.60756484685
3.46274172947
3.32182466787
3.18491630436
3.05209384661
2.92341091706
2.79889941014
2.67857133588
2.56242063184
2.45042492767
2.3425472497
2.2387376551
2.13893478766
2.04306734926
1.9510554828
1.86281206419
1.77824390235
1.69725284748
1.61973680864
1.54559068299
1.47470719932
1.40697767935
