4.43616950133
4.4346006851
4.42989814164
4.42207356851
4.41114640139
4.39714372399
4.38010014302
4.36005762885
4.33706532304
4.31117931416
4.28246238345
4.25098372193
4.21681862115
4.18004813943
4.14075874603
4.09904194554
4.05499388494
4.00871494589
3.96030932499
3.90988460438
3.85755131563
3.8034224993
3.74761326299
3.69024034029
3.63142165317
3.5712758802
3.50992203287
3.44747904217
3.38406535744
3.31979855941
3.25479498907
3.18916939396
3.12303459329
3.05650116296
2.98967714165
2.92266775866
2.85557518431
2.78849830321
2.7215325108
2.65476953332
2.58829727101
2.52219966463
2.45655658466
2.39144374296
2.32693262622
2.26309045042
2.19998013564
2.13766030024
2.07618527342
2.0156051252
1.95596571273
1.89730874165
1.83967184155
1.78308865419
1.72758893336
1.67319865514
1.61994013741
