336.233567631
336.178773988
336.014453876
335.740789628
335.358084722
334.866763168
334.267368662
333.560567745
332.747131501
331.827959373
330.80406051
329.676555959
328.446676438
327.115759903
325.685248904
324.156687754
322.53171951
320.812082777
318.999608339
317.096215636
315.103909096
313.02477432
310.860974145
308.614744595
306.288390715
303.884282329
301.404849697
298.852579117
296.230008461
293.539722666
290.784349193
287.966553459
285.089034258
282.154519185
279.165760068
276.125528427
273.03661096
269.901805074
266.723914477
263.505744825
260.250099444
256.959775142
253.6375581
250.286219871
246.908513487
243.50716967
240.084893176
236.644359262
233.188210283
229.719052433
226.239452624
222.751935517
219.258980702
215.763020031
212.26643511
208.771554949
205.280653772
201.795948987
198.319599325
194.853703128
191.400296814
187.96135349
184.538781734
181.134424526
177.750058344
174.387392404
171.048068059
167.733658337
164.445667631
161.185531517
157.954616724
154.754221218
151.585574428
148.44983758
145.348104161
142.281400488
