50.9804590509
50.725906816
49.9692767724
48.7313654806
47.0459217056
44.9583206691
42.5237945986
39.8053128524
36.8711979853
33.7925913255
30.6409084715
27.48534021
24.3905809977
21.4148092536
18.6080517425
16.0109611934
13.6540390879
11.5573519558
9.73066924511
8.17404840649
6.87877414074
5.82860962064
5.00125304593
4.36994388613
3.90510759245
3.5759694109
3.35204968024
3.2044883662
3.10713844502
3.03739789041
2.97675801121
2.9110729287
2.8305744494
2.72962626897
2.60629534975
2.46177070415
2.29967404119
2.1253306763
1.94503397348
1.76536214585
1.59257538849
1.43212551347
1.28829726559
1.16398518934
1.0606085629
0.978149844377
0.915300104836
0.869690775449
0.838177397084
0.817158987927
0.802889950058
0.791778725105
0.780638872145
0.766881588102
0.748647247365
0.724858488763
0.695218315905
