9.0900967719
9.06988733013
9.01238616164
8.92534821019
8.81739756487
8.69458682381
8.55924560404
8.41125414201
8.25026084009
8.07711703537
7.89385061071
7.70275509762
7.50562494336
7.30367219612
7.09791302198
6.88948278886
6.67961382537
6.46941728282
6.25975656388
6.05131686665
5.84474345485
5.6406874476
5.43974113889
5.24236847466
5.04891465148
4.85967123797
4.67491709293
4.49490037262
4.3198012765
4.14972515092
3.98473855534
3.82489674664
3.67024161497
3.5207820975
3.37648263115
3.23728376267
3.10311997708
2.97392370532
2.84961331791
2.73008381271
2.61521618952
2.50489012645
2.39898955203
2.297395016
2.19997576731
2.10659423707
2.0171143496
1.93140666441
1.84934417649
1.77079566773
1.69562691336
1.62370675016
1.55491113997
1.48912117198
1.42621744506
1.36608021668
1.30859206632
1.25364384116
1.20113056081
1.15094980259
1.10299958912
1.05718059522
1.01339944131
0.971568480339
0.931602451625
0.893417260132
0.856931025342
0.822066766476
0.788752732748
0.756919709033
0.726499806597
0.697426798963
0.669638367295
0.643076568092
0.61768624201
0.593413314656
