875.368590726
874.918963169
873.571907635
871.332890046
868.210968897
864.218718958
859.372126017
853.690454147
847.196087382
839.914348005
831.87329393
823.103497905
813.637811428
803.511116384
792.76006749
781.42282862
769.538806053
757.148381574
744.292648244
731.013151442
717.351637604
703.349812826
689.049113252
674.490488898
659.714202277
644.759642929
629.665158683
614.467904195
599.203707091
583.906951771
568.610480751
553.345513191
538.141580112
523.026475637
508.026223482
493.165057797
478.465417393
463.947952331
449.631541793
435.533322152
421.668724134
408.051517989
394.693865597
381.606378479
368.798180719
356.276975852
344.049116826
332.119678221
320.492529954
309.170411765
298.155007862
287.447021145
277.046246512
266.951642796
257.161402965
247.67302224
238.483363875
229.588722366
220.984883927
212.667184081
204.630562294
196.869613571
189.378637009
182.151681289
175.182587142
168.465026834
161.99254073
155.758571022
149.756492706
143.97964192
138.421341741
133.074925572
127.93375822
122.991254812
118.240897645
113.676251123
