579.835523947
579.664709905
579.152621397
578.300317907
577.109560707
575.582806073
573.72319586
571.53454546
569.021329243
566.188663548
563.042287329
559.588540563
555.834340555
551.787156255
547.454980755
542.846302104
537.970072602
532.83567676
527.452898066
521.831884778
515.983114877
509.917360401
503.645651321
497.179239138
490.529560396
483.708200267
476.726856389
469.597303116
462.331356347
454.940839071
447.437547779
439.833219879
432.139502221
424.367920871
416.52985221
408.63649547
400.698846774
392.727674761
384.73349784
376.726563135
368.716827144
360.713938141
352.727220341
344.765659816
336.837892173
328.95219197
321.11646384
313.338235305
305.62465122
297.982469817
290.418060284
282.937401826
275.546084131
268.249309191
261.051894385
253.958276762
246.972518436
240.098313022
233.33899302
226.697538076
220.176583781
213.778433168
207.505063384
201.358139839
195.339026623
189.44879831
183.688252079
178.057920093
172.558082066
167.188777945
161.949820663
156.840811038
151.861141811
147.010021419
142.286485594
137.689399792
