64.5722309549
64.3230954385
63.5804891424
62.358683123
60.6810364965
58.5793684349
56.0931111976
53.268265285
50.1561986364
46.8123073754
43.294638145
39.6623930602
35.9745079346
32.2882821938
28.6580387382
25.1339750517
21.7611234315
18.5785311544
15.6186220224
12.9067777457
10.4611376838
8.29263097074
6.40513988357
4.79601099728
3.45654012582
2.37272172653
1.52607244882
0.894527600475
0.453383271279
0.176246024278
0.03596586129
0.00550338885413
0.0587352165076
0.171152960423
0.320429656145
0.486904719548
0.653862435698
0.807766828092
0.938273212155
1.03819281262
1.10330908657
1.13211296285
1.12546464366
1.08620060856
1.01870651847
0.928475412836
0.821678428589
0.704747588761
0.58400876365
0.465349676178
0.353964801892
0.254151299064
0.169176466965
0.101218550298
0.0513538910515
0.0196071559228
0.00507567558418
