4.99910350507
4.99715427408
4.991311845
4.98159198341
4.96802087825
4.95063501208
4.92948098068
4.90461526351
4.87610394664
4.84402240025
4.80845491301
4.76949428613
4.72724138985
4.68180468577
4.63329971823
4.58184857843
4.52757934499
4.47062550474
4.41112535778
4.34922141048
4.28505976079
4.21878947929
4.15056199028
4.08053045637
4.00884917028
3.93567295742
3.8611565924
3.78545423272
3.7087188723
3.63110181777
3.55275218962
3.47381645049
3.39443796241
3.31475657452
3.23490824256
3.15502468122
3.07523304988
2.99565567241
2.91640979114
2.83760735488
2.7593548408
2.68175310958
2.60489729316
2.52887671408
2.45377483544
2.37966924007
2.30663163772
2.23472789853
2.16401811138
2.09455666533
2.02639235237
1.95956848983
1.89412306047
1.83008886847
1.76749370962
1.70636055369
1.64670773743
