6.17033829693
6.16721478615
6.15785559136
6.14229464722
6.12058825266
6.09281468542
6.05907366826
6.0194856923
5.97419120469
5.92334966908
5.86713850852
5.80575194167
5.739399724
5.66830580657
5.59270692542
5.5128511353
5.42899630134
5.34140856275
5.25036078218
5.15613099436
5.05900086699
4.95925418652
4.8571753805
4.75304808758
4.64715378516
4.53977048378
4.43117149618
4.32162428797
4.21138941564
4.10071955634
3.98985863308
3.87904103747
3.76849095124
3.65842176685
3.54903560613
3.44052293549
3.33306227493
3.2268199977
3.12195021654
3.01859475206
2.91688317817
2.81693293921
2.71884953307
2.62272675438
2.52864699177
2.43668157309
2.34689115254
2.25932613368
2.17402712258
2.09102540535
2.01034344481
1.93199539092
1.85598760048
1.78231916134
1.71098241707
1.64196348841
1.57524278797
