5.89112104288
5.88832219483
5.87993506771
5.86598785334
5.84652734079
5.82161862243
5.79134468645
5.75580589959
5.71511938523
5.66941830257
5.6188510338
5.56358028679
5.50378212155
5.43964490949
5.37136823459
5.29916174646
5.22324397507
5.14384111735
5.0611858057
4.97551586856
4.88707309262
4.79610199638
4.70284862397
4.60755936789
4.51047982868
4.41185371883
4.31192181765
4.21092098298
4.10908322498
4.0066348462
3.9037956517
3.80077823172
3.69778731911
3.59501922244
3.49266133544
3.39089172236
3.28987877834
3.18978096324
3.09074660683
2.99291378257
2.89641024714
2.80135344199
2.70785055335
2.61599862643
2.52588472978
2.4375861652
2.35117071884
2.26669694893
2.1842145056
2.1037644784
2.02537976703
1.9490854712
1.87489929551
1.80283196538
1.73288765059
1.66506439276
1.59935453379
