9.79838149186
9.79013126114
9.76543161248
9.72443437033
9.6673907053
9.59464809642
9.50664630759
9.40391226235
9.2870540454
9.15675404133
9.01376136864
8.8588837743
8.69297886489
8.51694553884
8.33171456149
8.13823976653
7.93748893308
7.73043507334
7.51804852492
7.30128700544
7.08109121187
6.85837598313
6.63402467289
6.40888372218
6.18375797206
5.9594067299
5.73654058929
5.51581899074
5.29784849925
5.08318176495
4.87231712462
4.66569879532
4.46371760615
4.26671221086
4.07497072147
3.88873270276
3.7081914678
3.53349661595
3.3647567578
3.20204237401
3.04538875941
2.89479900749
2.75024699521
2.61168033252
2.47902324591
2.35217936968
2.23103442349
2.11545875859
2.00530975965
1.90043409231
1.80066979038
1.70584817916
1.6157956345
1.530335179
1.44928791907
1.37247432782
1.29971538046
