77.5441442368
77.1894906511
76.1336276873
74.4005900869
72.0295811093
69.0737384069
65.5984445523
61.6792932819
57.3997607933
52.8486555349
48.1175018194
43.2978535
38.4787228082
33.7441887375
29.1712192012
24.8278566827
20.7717393354
17.0490634015
13.6939545958
10.7283082971
8.16200319638
5.9935490755
4.21106803892
2.79355860003
1.71239070572
0.932969772408
0.416447383613
0.12148573595
0.00592440168459
0.0283558896893
0.149505076777
0.333405993675
0.548322556171
0.76741459511
0.969128634661
1.13732265918
1.26115633222
1.33476520658
1.35674910056
1.32951688334
1.2585486778
1.15159331569
1.01786107881
0.867249944
0.709638244568
0.554263228901
0.40922753476
0.281122279705
0.174791470914
0.0932241852786
0.0375778272184
0.0072972586183
0.000335753894736
0.0134424899486
0.0424830294569
0.0827970299251
0.12953519118
