819.95736687
819.543760533
818.304676656
816.245301841
813.37422745
809.703370193
805.247863218
800.025875371
794.058625186
787.369929541
779.986175911
771.936055165
763.250325244
753.961564513
744.103918114
733.712840572
722.824871152
711.477211707
699.707809309
687.554780326
675.056343906
662.250567409
649.175158427
635.867271495
622.363330446
608.698867112
594.908376902
581.025191322
567.081367513
553.107594506
539.133115775
525.185667497
511.29143183
497.475004365
483.759374827
470.165920103
456.714408547
443.423014532
430.308342234
417.385457575
404.667927341
392.167864488
379.895978667
367.86163111
356.072893003
344.536606562
333.258448109
322.24299243
311.493777836
301.013371406
290.803433849
280.864783616
271.197459874
261.80078397
252.673419206
243.813428562
235.218330328
226.885151357
218.810477945
210.990504169
203.421077696
196.097743
189.015782005
182.170252163
175.556022014
169.167804257
163.000186436
157.047659271
151.304642737
145.765509979
140.424609169
135.276283365
130.314888515
125.534809682
120.930475592
116.49637162
