56.3204094807
55.8865483638
54.6053300538
52.5364427088
49.7748071579
46.4441197799
42.688601318
38.663605637
34.5258320321
30.4239739783
26.4904188925
22.8346366029
19.5386872364
16.6550189253
14.2066076834
12.1891975095
10.575332549
9.31964377193
8.36486419123
7.64796955263
7.10592937386
6.68060027074
6.32245070325
5.9929350196
5.66546159607
5.3250953863
4.96717981268
4.59519494189
4.21817123025
3.84801052825
3.49701338565
3.17584358022
2.89209532004
2.64953277376
2.44797703671
2.28374412716
2.15051422143
2.04043220273
1.94525650638
1.85742407544
1.77088094908
1.68158484775
1.58770079489
1.4894494801
1.38870790212
1.28843574987
1.19203015169
1.10270389474
1.02297039553
0.954305129773
0.896992228242
0.850172101872
0.812055342878
0.780244513832
0.752119234887
0.725223755047
0.69757470134
