3.37346287337
3.37251913673
3.36969071381
3.36498303522
3.35840561459
3.34997171952
3.33969832054
3.32760602597
3.31371900306
3.29806488601
3.28067467126
3.26158260077
3.24082603397
3.21844530902
3.19448359434
3.16898673111
3.14200306774
3.11358328717
3.08378022791
3.05264869998
3.02024529642
2.98662820171
2.95185699775
2.91599246872
2.87909640542
2.84123141033
2.80246070416
2.76284793479
2.72245698942
2.68135181082
2.63959621829
2.59725373419
2.55438741646
2.51105969806
2.46733223345
2.42326575292
2.37891992502
2.3343532274
2.28962282649
2.2447844661
2.19989236518
2.15499912488
2.11015564482
2.06541104873
2.0208126193
1.9764057422
1.93223385905
1.8883384292
1.8447589001
1.8015326859
1.75869515416
1.71627962013
1.67431734839
1.63283756149
1.59186745505
1.55143221912
1.51155506522
1.47225725872
1.43355815616
1.39547524697
1.35802419932
1.32121890952
1.28507155473
1.24959264838
1.21479109808
1.18067426555
1.14724802819
1.114516842
1.08248380545
1.05115088405
1.02051834118
0.990585744698
0.961351410437
0.932812437649
0.904965498071
0.87780581812
