123.121737088
115.963027664
97.0206228118
72.6343773686
49.9160628868
33.6918406837
25.0395438655
21.9254728842
21.1705432643
20.3646841487
18.6982018587
16.5895091592
14.7537232243
13.5005280494
12.6393301419
11.8160133576
10.8608855716
9.86237101792
8.99656661058
8.33448021557
7.80096439202
7.27811679848
6.72018573963
6.17305827226
5.70360717323
5.32688033204
4.99962214119
4.67145948296
4.33244054382
4.01182036123
3.7392288319
3.51319012031
3.30637192008
3.09558687115
2.88273410092
2.68712638389
2.52191153863
2.38064383731
2.2457571799
2.10703480884
1.97002332547
1.84731486749
1.74386281137
1.65238725614
1.56177703611
1.46844984438
1.37857909665
1.29994695438
1.23329440448
1.17204678543
1.10950119929
1.04558301783
0.985732977408
0.934406299078
0.890250773111
0.847877491626
0.803717829549
