258.234143286
254.103022264
242.038405765
222.990066151
198.424079501
170.1637196
140.197132282
110.475528469
82.7281657135
58.3146974024
38.1312462304
22.5773481404
11.5828695235
4.68584089068
1.14593350632
0.0750080979868
0.565688371113
1.80119748007
3.1344113825
4.12972168486
4.5679019106
4.41934575355
3.79509305287
2.88720291424
1.90966402683
1.04941859937
0.433534703061
0.115302515965
0.0776059870996
0.249856654309
0.532695783299
0.823778510018
1.03986908285
1.13093402211
1.08500480012
0.924146710654
0.693886182926
0.449255392394
0.240953494985
0.104617554509
0.0549676273451
0.0853795142304
0.172334137396
0.282992687895
0.383877564318
0.448509696382
0.462539311744
0.425482723605
0.349073611805
0.253098075917
0.15977254684
0.0883362040967
0.0509191604962
0.0504565553103
0.0810192694142
0.130118952159
0.182353267553
