4.18056194107
4.17928181717
4.17544405467
4.16905647161
4.16013206655
4.14868897145
4.13475038602
4.11834449394
4.09950436129
4.07826781781
4.05467732152
4.02877980756
4.00062652185
3.97027284063
3.93777807677
3.90320527377
3.867056205
3.8285245835
3.78812389202
3.74592982963
3.7016190865
3.65647824142
3.60938247763
3.56081912142
3.51049327009
3.4592611919
3.40682283078
3.35362525687
3.29903284726
3.24349913237
3.18678240392
3.12997914191
3.07216606619
3.01376886583
2.95457917189
2.89528302935
2.83565975307
2.77579002013
2.71575833402
2.65564208978
2.5955281614
2.53547075181
2.47555222899
2.41584230552
2.35640809287
2.29731400733
2.23862168881
2.18038993205
2.12267463037
2.06552873148
2.00900220524
1.95314202291
1.89799214761
1.84359353546
1.7899841471
1.73719896886
1.68527004336
