112.137620986
111.379774052
109.131786604
105.469114569
100.513569427
94.4275998353
87.4069246139
79.6713873105
71.4552326495
62.9970511919
54.529491084
46.2700666519
38.4128829601
31.1219825974
24.5264842246
18.7177050205
13.7483708254
9.63364609571
6.35414023249
3.8602858423
2.07786610952
0.914370791833
0.265668344335
0.0226160373768
0.0772210898242
0.328117176624
0.68490526867
1.07149256387
1.42805564324
1.71184762
1.89677221298
1.97205766181
1.94007449208
1.81359169812
1.6127661693
1.36205827486
1.08729922228
0.813138653405
0.560956553419
0.3474013325
0.183516176811
0.0744716538851
0.0199187565174
0.0146552629788
0.0497830613497
0.113935096863
0.19463815515
0.279587737232
0.3577655211
0.420293406412
0.461025752572
0.476784167017
0.467324200544
0.43501235232
0.384314576659
0.321114822602
0.252000941057
