10.4279497831
10.4165952514
10.3826444247
10.326432662
10.2485093227
10.149624178
10.0307096607
9.89285982717
9.73730691187
9.56539637169
9.37856131049
9.17829709416
8.96613683734
8.74362830915
8.5123126885
8.27370548585
8.02927983227
7.78045222964
7.52857076936
7.27490575976
7.02064264567
6.76687705832
6.51461180342
6.26475557889
6.01812320593
5.77543715495
5.53733015292
5.30434867012
5.07695709912
4.8555424543
4.64041943749
4.43183573397
4.22997742165
4.03497439359
3.84690571018
3.66580481252
3.4916645435
3.32444193496
3.16406273039
3.01042562209
2.86340619056
2.72286054041
2.58862863311
2.4605373211
2.338403092
2.22203453464
2.11123454033
2.00580225433
1.90553479391
1.81022874945
1.71968148547
1.63369225798
1.55206316462
1.474599943
1.4011126325
1.33141611336
1.26533053656
