5.11305174595
5.11052589836
5.10295871994
5.09038120982
5.0728447218
5.05042050266
5.02319905662
4.99128934625
4.95481784274
4.91392744038
4.86877625204
4.81953630336
4.76639214468
4.70953939991
4.64918327152
4.58553702079
4.51882044156
4.44925834476
4.37707906993
4.30251303844
4.2257913614
4.14714451401
4.06680108578
3.98498661489
3.90192251279
3.81782508379
3.73290464253
3.64736473104
3.56140143541
3.47520280111
3.38894834482
3.30280865957
3.21694510946
3.13150960919
3.04664448341
2.9624824004
2.8791463742
2.79674982929
2.71539672172
2.63518171066
2.55619037454
2.47849946571
2.4021771983
2.32728356384
2.25387066945
2.18198309411
2.11165825842
2.04292680377
1.97581297736
1.91033501957
1.84650555063
1.78433195413
1.72381675464
1.66495798777
1.60774956069
1.5521816016
1.49824079714
1.44591071653
1.39517212181
1.34600326355
1.29838016165
1.25227687106
1.20766573223
1.16451760647
1.12280209621
1.08248775054
1.04354225632
1.00593261521
0.969625307155
0.934586440707
0.90078189083
0.868177424677
0.836738815929
0.806431948277
0.777222908652
0.749078070774
