26.5909731515
26.3932472356
25.821171929
24.9337425212
23.8159090564
22.5623703384
21.2611147088
19.9807539904
18.7641101211
17.6286441156
16.5723705449
15.582562652
14.6443354495
13.7467504141
12.8853805957
12.0615812043
11.2797561967
10.5441720539
9.85669103349
9.21604899882
8.61856586179
8.05964549784
7.53524817481
7.0427264428
6.58084387191
6.1491370759
5.74709784033
5.37356974931
5.02660764537
4.70376826832
4.40261930586
4.12117527008
3.85809240766
3.61253514861
3.383873602
3.17135724251
2.9739460137
2.79034258649
2.61918488539
2.45927011141
2.30969912617
2.16988056753
2.03940226566
1.91785961262
1.80472843514
1.6993375468
1.60094301835
1.50884763083
1.42250576434
1.34155109561
1.26574816045
1.19489957276
1.12875508145
1.06697617959
1.00915646581
0.954894870384
0.90386176151
