4.74061545423
4.73884763934
4.73354878949
4.72473266705
4.71242213588
4.69664905162
4.67745410936
4.6548866496
4.62900442403
4.59987332276
4.56756706489
4.53216685481
4.49376100645
4.45244453818
4.40831874123
4.3614907245
4.31207293889
4.26018268423
4.20594160225
4.14947515857
4.09091211734
4.03038401146
3.96802461183
3.90396939871
3.83835503816
3.77131886662
3.70299838633
3.63353077418
3.56305240664
3.49169840266
3.41960218708
3.34689507589
3.27370588534
3.20016056608
3.1263818636
3.05248900584
2.9785974187
2.90481846995
2.83125924181
2.75802233219
2.68520568458
2.61290244611
2.54120085339
2.47018414544
2.39993050276
2.33051301178
2.26199985326
2.19445352029
2.12793203385
2.06248821415
1.99816972787
1.93502005325
1.87307728112
1.81237510143
1.75294272203
1.69480501433
1.63798266887
