2.91164236441
2.91098909186
2.90903028156
2.90576895266
2.90121012768
2.89536081828
2.88823000561
2.87982861505
2.87016948565
2.85926733426
2.84713871461
2.83380197139
2.81927718961
2.80358613948
2.78675221691
2.76880037997
2.74975708157
2.7296501986
2.70850895778
2.68636385861
2.66324659364
2.63918996641
2.61422780737
2.58839488804
2.56172683392
2.53426003618
2.50603156274
2.47707906885
2.44744070762
2.41715504077
2.3862609498
2.35479754813
2.32280409414
2.29031990576
2.25738427659
2.2240363939
2.19031525882
2.15625960882
2.12190784273
2.08729794857
2.05246743421
2.01745326116
1.98229178157
1.94701867858
1.91166891005
1.87627665593
1.84087526918
1.80549723032
1.7701741058
1.73493650994
1.69981407075
1.6648353994
1.63002806336
1.5954185633
1.56103231351
1.52689362591
1.49302569756
1.45945060149
1.42618928088
1.39326154641
1.36068607666
1.32848042149
1.29666100822
1.26524315048
1.23424105967
1.20366785877
1.17353559838
1.14385527499
1.11463685105
1.08588927697
1.05762051472
1.02983756296
1.00254648349
0.975752428977
0.949459671657
0.923671633038
