24.0701099432
23.1134045841
20.9557649448
18.9518377671
17.7706504316
17.1075419442
16.4517813309
15.6842653874
14.932441123
14.238311592
13.5508115219
12.8628000473
12.2061867405
11.5821093251
10.9739989664
10.3863765564
9.82975043399
9.29914310903
8.7887457884
8.30312826933
7.84452894148
7.40809852834
6.99230873281
6.59981074542
6.22949172165
5.87801493543
5.54546101563
5.23267122212
4.93754713012
4.65825213872
4.39521759275
4.14805102231
3.91478671301
3.69465688331
3.48788347532
3.29345644269
3.10997637371
2.93724990453
2.77512624913
2.62247109518
2.47849239777
2.34318509756
2.21608125344
2.09623915906
1.98331205579
1.87725309366
1.77744291057
1.68324978236
1.59458643225
1.51126150038
1.43267676772
1.35849999077
1.28871470329
1.22301327886
1.16093647908
1.10236488388
1.04724023275
