41.0897655879
38.5948277083
32.6423766932
26.4816856863
22.4449165999
20.6146655627
19.6954820659
18.6579716012
17.3988417887
16.2316389158
15.2626263166
14.3605455
13.4449514461
12.572406038
11.7939037699
11.0774062147
10.3818532726
9.71881793538
9.11320200751
8.5558142088
8.02413837207
7.51857748413
7.05209712564
6.62235783408
6.21607599539
5.83052981001
5.4727973453
5.14285339214
4.8325023326
4.53836579305
4.26435213505
4.01129600746
3.77400578716
3.54926497534
3.33919805102
3.14488813767
2.96304630902
2.79086133814
2.6294174283
2.4798179478
2.33998962759
2.20759119939
2.08306614182
1.967446111
1.85947156323
1.7572153466
1.66075860381
1.57099129496
1.48719630422
1.40783394932
1.33274519409
1.26269069492
1.19729704974
1.13537011136
1.07660661604
1.0216266299
0.970310927413
