6.90635121689
6.90246835558
6.89083529922
6.87149851384
6.84453505518
6.81005199191
6.76818560756
6.7191003901
6.66298782086
6.60006497643
6.5305729591
6.45477517338
6.37295546719
6.28541615803
6.19247596463
6.0944678659
5.99173690855
5.88463798538
5.77353360527
5.65879167592
5.54078331906
5.419880737
5.29645514807
5.17087480699
5.04350312455
4.9146968994
4.78480467274
4.65416521489
4.52310615105
4.3919427312
4.26097674779
4.13049560263
4.00077152308
3.8720609257
3.74460392426
3.6186239654
3.4943276516
3.37190460288
3.25152750991
3.1333522718
3.01751824044
2.90414855838
2.79335058081
2.68521637196
2.57982326617
2.47723448432
2.37749979598
2.28065621864
2.18672874502
2.09573109069
2.00766645399
1.92252828149
1.84030103222
1.76096093498
1.68447673325
1.61081041321
1.53991791065
