3.93930975216
3.93811804471
3.93454539679
3.92859922217
3.92029184597
3.90964045788
3.89666704728
3.88139832025
3.86386559928
3.844104706
3.82215582764
3.79806336813
3.77187578442
3.74364540906
3.71342826009
3.68128383903
3.64727491835
3.6114673193
3.57392968145
3.53473322505
3.49395150744
3.45166017478
3.4079367103
3.36286018039
3.31651097953
3.2689705756
3.22032125644
3.17064587897
3.12002762191
3.06854974315
3.01629534284
2.963347133
2.90978721467
2.85569686336
2.80115632346
2.74624461246
2.69103933537
2.63561651006
2.58005040373
2.52441338116
2.46877576472
2.41320570665
2.35776907352
2.30252934302
2.24754751316
2.19288202367
2.13858868957
2.08472064663
2.03132830861
1.97845933581
1.9261586147
1.87446824824
1.82342755634
1.77307308615
1.7234386316
1.67455526166
1.62645135683
