87.4757355888
87.016610963
85.6513587274
83.4155501209
80.3671620648
76.5843518328
72.1626464357
67.2115989505
61.8507975611
56.2058892514
50.4042261529
44.5707527722
38.8240665806
33.2728698163
28.0129476347
23.1247889244
18.6718858572
14.6997473809
11.2357707229
8.28958332722
5.85438107205
3.90851773765
2.41770598437
1.33753894562
0.616192064863
0.197209260549
0.0222176023558
0.0334692789205
0.176106488942
0.400064898987
0.661559829997
0.924137004351
1.15922709972
1.34630262813
1.47258958827
1.53246886508
1.52655600391
1.46058984708
1.34420308273
1.18960432802
1.01038130515
0.820296319136
0.632272533049
0.457612990548
0.305375078205
0.181996915397
0.0911737851063
0.0339021127464
0.00870367812168
0.0120516724523
0.0388098179905
0.0827998709332
0.137355051169
0.195845855158
0.252162788799
0.30109306508
0.338615018715
