2.67119724331
2.67064355799
2.66898329599
2.66621883717
2.66235414097
2.65739473598
2.65134770544
2.64422166858
2.6360267581
2.62677459366
2.61647825163
2.60515223116
2.59281241673
2.57947603727
2.56516162206
2.54988895364
2.53367901769
2.5165539504
2.49853698317
2.47965238517
2.45992540372
2.4393822029
2.41804980048
2.39595600346
2.37312934242
2.34959900498
2.32539476849
2.30054693225
2.27508624949
2.24904385934
2.22245121889
2.19534003579
2.16774220137
2.13968972459
2.11121466706
2.08234907918
2.05312493768
2.02357408478
1.99372816894
1.96361858756
1.93327643161
1.9027324324
1.8720169106
1.84115972756
1.81019023911
1.77913725179
1.74802898171
1.71689301603
1.68575627712
1.65464498938
1.62358464884
1.59259999549
1.56171498828
1.53095278294
1.50033571243
1.46988527012
1.43962209552
