928.776243034
928.216572667
926.542066677
923.761141863
919.88853274
914.944595995
908.955052586
901.950669087
893.966886747
885.043396965
875.223720411
864.554697297
853.08601137
840.869683944
827.959596763
814.410996892
800.279995176
785.623139239
770.496994974
754.957707407
739.060680586
722.860201182
706.409158882
689.758813017
672.958500731
656.055501888
639.094861006
622.119254113
605.168925412
588.28157598
571.492366229
554.833875884
538.336119655
522.026576568
505.930237689
490.069652395
474.465019253
459.134249635
444.09303468
429.355043192
414.931899708
400.833382266
387.067472785
373.640523108
360.557317606
347.821205291
335.434211649
323.397133046
311.709651092
300.370426567
289.377182314
278.7268206
268.415496001
258.438686098
248.79129506
239.467714667
230.461883599
221.767363578
213.377388948
205.284937502
197.482771585
189.963472899
182.71951541
175.743266161
169.027050659
162.563179123
156.343959867
150.361746651
144.6089399
139.078040178
133.761603983
128.652334937
123.743049207
119.026699196
114.49638698
110.14535053
