755.178719795
754.868341179
753.938149453
752.390971386
750.231499651
747.466265104
744.103598334
740.153580846
735.627986347
730.54021265
724.905204854
718.739370462
712.060487232
704.887604549
697.240939196
689.141766409
680.612307129
671.675612392
662.355445762
652.676164753
642.662602116
632.339947886
621.733633002
610.869215305
599.772268651
588.46827582
576.982525835
565.340016258
553.565360938
541.682703626
529.715637815
517.687133054
505.619467961
493.534170054
481.451962477
469.392717623
457.3754176
445.418121438
433.537938866
421.75101048
410.072494028
398.516556562
387.09637213
375.82412469
364.71101588
353.767277289
343.002186848
332.424088957
322.04041797
311.857724646
301.881705208
292.11723262
282.568389745
273.238504035
264.130183426
255.245353129
246.585293025
238.150675405
229.941602785
221.957645583
214.197879434
206.660921975
199.344968906
192.247829202
185.366959333
178.699496383
172.242289984
165.991932978
159.944790754
154.097029213
148.444641321
142.983472245
137.709243047
132.617572959
127.70400022
122.964001527
