3.87038816908
3.86924355108
3.86581201292
3.86010049362
3.85212052977
3.8418882131
3.82942413129
3.81475329261
3.79790503444
3.77891291656
3.75781459946
3.73465170856
3.70946968496
3.68231762355
3.65324809931
3.62231698279
3.58958324568
3.55510875749
3.51895807433
3.48119822101
3.44189846741
3.40113010022
3.35896619133
3.31548136371
3.2707515562
3.22485378794
3.17786592385
3.12986644196
3.08093420362
3.0311482277
2.98058746951
2.92933060539
2.87745582382
2.82504062374
2.77216162081
2.71889436218
2.6653131505
2.61149087742
2.55749886729
2.50340673117
2.44928223165
2.39519115859
2.34119721595
2.28736191992
2.23374450824
2.18040186074
2.1273884311
2.07475618955
2.0225545764
1.97083046623
1.91962814223
1.86898928068
1.81895294493
1.76955558861
1.7208310677
1.67281066085
1.62552309763
