108.729693605
108.032862519
105.964644943
102.590903809
98.0181004922
92.3886442647
85.8745927522
78.6702191259
70.9837572817
63.0287556938
55.0154904605
47.1428346047
39.5910404803
32.5156667044
26.0429693723
20.2669033683
15.2478125463
11.0127553485
7.55737343563
4.84913709572
2.83163816272
1.42969998982
0.554931811998
0.111431058387
0.00123428418264
0.129385222695
0.408195008428
0.760685988976
1.1229931079
1.44576740004
1.69453248446
1.8491532688
1.90248996338
1.85845208291
1.72962069717
1.53465866241
1.29569845207
1.03587089643
0.77716896422
0.538696723499
0.335418558396
0.177427621807
0.0697036409076
0.0123466225096
0.00117355755971
0.0286178362764
0.0847894741038
0.158613125349
0.238952296897
0.315556063079
0.379887346239
0.425663077459
0.449157954467
0.44924007721
0.427185330911
0.386295113026
0.331363980556
