622.030930011
621.835518772
621.249714618
620.274804482
618.91292742
617.167065903
615.041033697
612.539460415
609.667772826
606.432173042
602.839613721
598.89777042
594.615011284
590.000364245
585.063481916
579.814604408
574.264520262
568.424525745
562.306382722
555.922275347
549.284765818
542.406749432
535.301409168
527.982170059
520.462653563
512.756632181
504.87798452
496.840651036
488.658590646
480.345738401
471.915964404
463.383034137
454.760570355
446.062016672
437.300602983
428.489312812
419.640852693
410.767623655
401.881694873
392.994779539
384.11821298
375.262933041
366.439462741
357.65789519
348.927880741
340.258616352
331.658837103
323.136809822
314.70032874
306.356713118
298.112806756
289.97497929
281.949129194
274.040688388
266.254628334
258.595467534
251.067280315
243.673706781
236.417963843
229.302857204
222.330794193
215.503797347
208.823518626
202.29125418
195.907959542
189.674265177
183.59049229
177.65666879
171.872545364
166.237611547
160.75111174
155.412061108
150.219261283
145.171315833
140.266645436
135.503502715
