4.5871994061
4.58534187519
4.5797749998
4.57051589679
4.55759297745
4.54104577351
4.52092469604
4.4972907295
4.47021506415
4.43977867025
4.40607181833
4.36919354997
4.32925110419
4.28635930484
4.24063991445
4.19222096046
4.14123603965
4.08782360686
4.03212625371
3.97428998338
3.91446348694
3.85279742677
3.78944373215
3.72455491196
3.65828338887
3.59078085919
3.52219768187
3.45268230011
3.38238069805
3.31143589499
3.23998747899
3.16817118106
3.09611849101
3.02395631547
2.95180667801
2.87978646131
2.80800719059
2.73657485744
2.6655897828
2.59514651758
2.52533377927
2.45623442264
2.38792544247
2.32047800617
2.25395751413
2.18842368529
2.12393066585
2.06052715866
1.99825657087
1.93715717783
1.87726230072
1.81860049598
1.76119575434
1.70506770756
1.65023184102
1.59669971034
1.54447916049
1.4935745459
1.44398695008
1.39571440362
1.34875209942
1.30309260403
1.25872606447
1.2156404094
1.17382154438
1.13325354027
1.09391881464
1.0557983056
1.01887163792
0.983117333619
0.948512699206
0.915034493041
0.882658533392
0.851360086706
0.821113932509
0.791894472951
