55.4646005686
54.9996851977
53.6295837681
51.4262901503
48.5035289615
45.0079633519
41.108106606
36.9819482375
32.8044208822
28.7358374957
24.9122449937
21.4384565811
18.3841672427
15.7833321587
13.6364924077
11.9156959348
10.5711759631
9.53907887745
8.74927521416
8.13267568277
7.62711865316
7.18169635472
6.75913090841
6.33630349672
5.90314278228
5.46027442839
5.0158848195
4.58231962153
4.17286057883
3.79905894819
3.46887046654
3.18570857758
2.94836404056
2.75166775182
2.58767902539
2.44713076218
2.32086813938
2.20107803891
2.08214370395
1.96104314471
1.83729613701
1.712532573
1.58979045385
1.47270262302
1.36469601945
1.26834995063
1.18497501847
1.11447340724
1.05544680421
1.00552239856
0.961797141707
0.92134134841
0.881645938862
0.840948526457
0.798414596759
0.754136147783
0.708978368061
