6.62863752077
6.62511245675
6.61455046229
6.59699103811
6.57249971284
6.54116758754
6.50311070485
6.45846924937
6.40740658776
6.35010815848
6.28678022277
6.21764848946
6.14295662788
6.06296468328
5.97794741076
5.88819254354
5.79399901204
5.6956751304
5.59353676661
5.48790551259
5.37910686958
5.26746846391
5.15331830716
5.03698311387
4.91878668875
4.7990483943
4.67808170831
4.55619287951
4.43367968819
4.31083031725
4.18792233781
4.06522181203
3.9429825146
3.82144527305
3.70083742581
3.58137239595
3.46324937731
3.34665312913
3.23175387415
3.11870729472
3.00765462071
2.89872272457
2.7920246778
2.68765962586
2.58571346524
2.48625921426
2.38935750361
2.2950571082
2.20339551323
2.11439950751
2.02808579746
1.94446163561
1.86352545763
1.78526752253
1.70967055097
1.63671035721
1.56635647049
