6.79213331524
6.7884416876
6.77738089493
6.75899310798
6.73334827909
6.7005436477
6.66070305541
6.61397607808
6.56053698425
6.50058353079
6.43433560851
6.36203375178
6.2839375275
6.20032381974
6.11148502706
6.01772719034
5.91936806901
5.81673518377
5.71016384371
5.59999517544
5.48657417117
5.37024777205
5.25136300198
5.1302651661
5.00729612703
4.88279267032
4.75708496955
4.63049515967
4.50333602581
4.37590981337
4.24850716346
4.12140617635
3.99487160431
3.86915417356
3.74449003395
3.62110033375
3.4991909158
3.37895213035
3.26055875894
3.14417004312
3.02992981099
2.91796669421
2.80839442766
2.70131222376
2.59680521322
2.49494494408
2.39578993079
2.29938624549
2.20576814357
2.11495871606
2.02697056184
1.94180647281
1.85946012583
1.77991677561
1.70315394325
1.62914209563
1.55784531131
