4.86472508502
4.86298295086
4.85774871042
4.84905870362
4.8369217094
4.82136659472
4.80243026339
4.78015749977
4.75460077966
4.72582004975
4.69388247674
4.65886142874
4.62083920651
4.57990203713
4.53614297653
4.48966070734
4.4405624266
4.38894842406
4.33493579045
4.27864074341
4.22018631062
4.15969347904
4.09728895963
4.03309993365
3.96725576451
3.8998875541
3.83112650638
3.76110443465
3.68995292722
3.61780301239
3.54478475124
3.47102684561
3.39665593774
3.32179777888
3.24656747518
3.1710943763
3.09549286075
3.0198757381
2.94434863957
2.8690263901
2.79400643527
2.71941689813
2.64529648212
2.57174986584
2.49887427261
2.42674537955
2.35543809951
2.28502229982
2.21556388325
2.14716414187
2.07979544277
2.01355163453
1.94847911349
1.88462001695
1.82201157844
1.76068693999
1.70067467525
