48.0557277825
47.8434368582
47.2116703381
46.1755713229
44.7598000908
42.9976916009
40.9301351886
38.6041623978
36.0714707225
33.386662784
30.6055628613
27.7834671467
24.973532539
22.2252280325
19.5830641654
17.0854935637
14.7641112295
12.643130185
10.7391636977
9.06128379234
7.61136221014
6.3846395738
5.37051455152
4.55348062141
3.91417855737
3.43050363091
3.07872334804
2.83455661032
2.67416187773
2.57501991914
2.51665286762
2.48118696849
2.45373486617
2.42259161035
2.37928595509
2.31843721189
2.23751189407
2.13645795844
2.01726323125
1.88346797507
1.73966020875
1.59098507199
1.4426859788
1.29971061382
1.16638292128
1.04616519448
0.941501179453
0.853752342744
0.78320937087
0.729176141998
0.690114327462
0.663823226506
0.647651156405
0.638713289722
0.634102399668
0.631083709066
0.627255422478
