52.0383262154
51.550350545
50.1177625267
47.8315430219
44.8335324231
41.3029874497
37.4400025268
33.447766329
29.5156016729
25.8045718774
22.4370958515
19.491410917
17.0010423347
14.9588743303
13.3249098615
12.0363643868
11.0186318439
10.1957093328
9.49889351602
8.87292310054
8.27919432433
7.69612693035
7.11713872537
6.54692357491
5.9969141009
5.48073736119
5.01039060403
4.59358043975
4.23245635251
3.92367751342
3.65954973672
3.42982077117
3.22369574319
3.0316531727
2.84674723351
2.66522960002
2.48647638559
2.31233956455
2.14612983255
1.99148878216
1.85136952377
1.72733671373
1.61926135742
1.52541376867
1.44290604978
1.36830562595
1.29831489902
1.23034491317
1.16286953567
1.0955356077
1.02900976632
0.964644282389
0.904038055251
0.848598354886
0.799199095362
0.755997621626
0.718421981617
