5.75836251354
5.75575489513
5.74794025248
5.73494317553
5.71680448883
5.69358101496
5.66534524618
5.6321849273
5.59420255333
5.55151478619
5.50425179567
5.45255653005
5.3965839228
5.33650004171
5.27248118772
5.20471295063
5.13338922939
5.05871122463
4.9808864112
4.9001274986
4.81665138695
4.73067812595
4.64242988432
4.55212993643
4.46000167299
4.36626764185
4.27114862468
4.1748627547
4.07762468026
3.97964477824
3.88112842082
3.78227529864
3.68327880255
3.58432546574
3.48559446749
3.38725719889
3.28947689082
3.19240830355
3.09619747712
3.00098154092
2.90688861408
2.81403756166
2.72253830229
2.63249150086
2.5439888069
2.4571129371
2.37193783155
2.28852884666
2.20694298148
2.12722913367
2.04942838156
1.97357428884
1.89969322825
1.82780472105
1.75792178889
1.69005131505
1.62419441201
