15.7273919078
15.6805073253
15.5446650607
15.3322578426
15.058420631
14.7363453874
14.3751590309
13.9807365262
13.5579027938
13.1120490065
12.6492672029
12.1754913106
11.6957150246
11.2138875886
10.7333172013
10.2570316634
9.78779957254
9.32794440769
8.87924491761
8.44303826061
8.02039616744
7.61220630795
7.21913591468
6.84158534721
6.47972013101
6.13356010594
5.80303737552
5.48800077826
5.18818686984
4.90322765195
4.63269436911
4.37613748496
4.13309201894
3.90306109673
3.6855140745
3.47990259876
3.28569263697
3.10236297543
2.92939791677
2.76627884147
2.61249294386
2.4675481611
2.33097840141
2.2023354514
2.0811805087
1.96708790645
1.85965317171
1.75849763656
1.66326327238
1.57360478026
1.48918970997
1.40970535342
1.33485821574
1.2643764317
1.19799882568
1.1354759113
1.07657070149
