5.75487417092
5.75150511092
5.74141534843
5.724656914
5.70131579431
5.67151086478
5.63539244327
5.59314050088
5.54496256987
5.49109139559
5.43178238381
5.36731089603
5.29796944332
5.22406482724
5.14591527372
5.06384760268
4.97819447158
4.88929172573
4.79747588345
4.70308177923
4.60644038303
4.50787680913
4.40770852301
4.30624375127
4.20378009558
4.10060334846
3.99698650584
3.89318896908
3.78945592721
3.68601790863
3.58309049038
3.48087415231
3.37955426305
3.27930118445
3.1802704813
3.08260322321
2.98642636609
2.89185320124
2.79898386054
2.70790586713
2.6186947216
2.53141451468
2.4461185581
2.36285002611
2.28164260117
2.20252111774
2.12550219921
2.05059488348
1.97780123341
1.90711692913
1.83853183949
1.77203057075
1.70759299089
1.64519472832
1.58480764442
1.52640027925
1.46993827047
1.41538474549
1.36270068725
1.31184527407
1.26277619427
1.21544993644
1.16982205608
1.12584741972
1.08348042755
1.04267521546
1.00338583781
0.965566431858
0.929171365043
0.894155366121
0.860473641321
0.828081976498
0.796936826314
0.766995391421
0.738215684594
0.710556586682
