431.845304374
431.751176702
431.468937234
430.999016209
430.342129338
429.499275785
428.47173534
427.261064822
425.869093697
424.29791896
422.549899276
420.627648422
418.534028058
416.272139839
413.845316929
411.257114924
408.511302245
405.611850026
402.562921536
399.368861198
396.034183221
392.563559909
388.961809685
385.233884882
381.384859336
377.41991584
373.344333498
369.163475024
364.88277404
360.507722402
356.043857615
351.49675036
346.871992197
342.175183454
337.411921369
332.587788494
327.708341417
322.779099811
317.805535864
312.79306409
307.747031564
302.672708601
297.575279885
292.45983608
287.331365935
282.194748883
277.054748155
271.916004419
266.783029935
261.66020324
256.551764357
251.461810531
246.394292485
241.353011187
236.341615127
231.36359809
226.422297412
221.520892716
216.662405096
211.849667513
207.085442483
202.372245134
197.712462972
193.108327236
188.561940219
184.075173483
179.649826761
175.287525291
170.989749085
166.757835961
162.592984812
158.496259074
154.468590383
150.510782398
146.623514763
142.807347207
