940.96108847
940.266337451
938.446765792
935.427141359
931.226328606
925.870110654
919.390774373
911.826579379
903.221181327
893.623028011
883.084677747
871.6621479
859.414243745
846.401876142
832.687463631
818.334303972
803.406055189
787.966260311
772.077673379
755.801720263
739.198467171
722.32651166
705.242039849
687.9988304
670.648117533
653.238680133
635.816391067
618.423921337
601.101573717
583.88641483
566.812346281
549.911024934
533.210720291
516.736929809
500.512958433
484.559333282
468.893882356
453.532480908
438.488302593
423.772790487
409.395437957
395.363735896
381.683517163
368.359036326
355.39308212
342.787088325
330.541270288
318.6547086
307.125476914
295.950738111
285.126833044
274.649380682
264.513320502
254.713180687
245.242790916
236.095671563
227.265011403
218.743689889
210.524313191
202.599294781
194.961051386
187.601654377
180.513215024
173.687897586
167.117936364
160.795053643
154.712054598
148.860651934
143.23354668
137.822711732
132.621491728
127.621964785
122.817307895
118.200496618
113.764622078
109.502966649
