11.1789866763
11.1678068081
11.1343507767
11.078868084
11.0017705393
10.9036263378
10.7851518352
10.6472015541
10.4907561771
10.3169091398
10.1268519638
9.92185870783
9.70326971349
9.4724751868
9.23089868434
8.97998098915
8.72116450748
8.45587870251
8.18552557981
7.91146846451
7.63501976032
7.35743161117
7.07988750534
6.80349560286
6.52928343798
6.25819413749
5.99108402397
5.72872152495
5.47178728174
5.22087533893
4.97649528691
4.73907522522
4.50896541332
4.28644239517
4.07171396595
3.86492372626
3.66615627032
3.47544256595
3.29276546215
3.1180643172
2.95124071387
2.79216282353
2.64067038828
2.49657883958
2.35968377518
2.22976453642
2.10658770346
1.98991034695
1.87948287723
1.77505161067
1.67636104201
1.58315583651
1.4951824677
1.41219100134
1.33393603963
1.26017777415
1.19068298183
