7.54307003078
7.53833799297
7.52416330917
7.50061008366
7.46778454385
7.42583412932
7.37494623353
7.31534661492
7.24729749829
7.17109539123
7.0870686437
6.9955747819
6.89699764962
6.79174439238
6.68024232045
6.56293568768
6.44028242287
6.31275084988
6.18081643136
6.04495856972
5.90565749634
5.76339127791
5.618632966
5.47184791256
5.32349127122
5.17400570051
5.02381928204
4.87334366298
4.722972429
4.57307971054
4.42401902219
4.2761223323
4.12969935709
3.98503707127
3.84239942545
3.70202725824
3.56413839022
3.42892788531
3.29656846448
3.16721105603
3.04098546672
2.91800115736
2.79834810746
2.68209775318
2.56930398391
2.46000418314
2.35422030043
2.25195994199
2.15321746834
2.05797508886
1.96620394367
1.87786516481
1.79291090936
1.71128535845
1.63292567701
1.55776292997
1.48572295184
