12.3316569944
12.3175743934
12.275447689
12.2056381689
12.1087415158
11.9855771698
11.8371765421
11.6647649843
11.4697430345
11.2536645514
11.0182129798
10.7651769342
10.4964239724
10.2138752094
9.91947987401
9.61519070803
9.30294073619
8.98462194322
8.66206528488
8.33702418672
8.01115894358
7.68602532591
7.36306427281
7.04359520004
6.7288112908
6.41977720402
6.11742872324
5.82257490519
5.53590108297
5.25797398395
4.9892475394
4.7300699635
4.480691324
4.24127161195
4.01188906342
3.79254855274
3.5831899011
3.38369596967
3.19390043108
3.01359504934
2.84253703106
2.68045450165
2.52705329546
2.38202183573
2.24503596242
2.11576324435
1.99386675471
1.8790081867
1.77085090491
1.66906217649
1.57331511152
1.4832906558
1.3986784919
1.31917861847
1.24450161102
1.17436952349
1.10851625689
