655.889115422
655.670722994
655.016056364
653.926645272
652.405031889
650.454759779
648.080358543
645.287324253
642.082095803
638.472027334
634.465356908
630.071171637
625.299369493
620.160618046
614.66631038
608.828518471
602.659944323
596.173869144
589.384100883
582.304920431
574.951026807
567.33748164
559.479653257
551.393160691
543.093817901
534.597578506
525.920481302
517.078596839
508.087975309
498.964595974
489.72431837
480.382835468
470.955628994
461.457927055
451.904664221
442.310444178
432.68950506
423.055687531
413.422405677
403.80262075
394.208817787
384.652985084
375.14659654
365.700596806
356.325389205
347.030826355
337.826203417
328.720253871
319.721147728
310.836492059
302.073333728
293.438164196
284.936926264
276.575022632
268.357326111
260.288191367
252.371468044
244.61051513
237.008216417
229.566996924
222.28884014
215.175305969
208.227549222
201.44633857
194.832075804
188.38481532
182.104283703
175.989899325
170.040791858
164.255821623
158.633598682
153.17250163
147.870695991
142.726152183
137.73666299
132.899860507
