542.250389529
525.071136642
476.225729523
403.203916747
316.68518834
228.321685151
148.473951393
84.4346477092
39.519449543
13.1480172833
1.76669769143
0.267354359635
3.47186297328
7.29486167551
9.35283595741
8.97559038445
6.75585213432
3.87588924634
1.46575816808
0.182554354463
0.0852453596928
0.767910918476
1.63588515686
2.18515038716
2.18105022529
1.68756890865
0.971669470052
0.345966484065
0.0262006082993
0.0581111382966
0.330550539491
0.652089764353
0.847896887172
0.8321537871
0.629737878294
0.346235807446
0.107905327818
0.00251410664199
0.0460861607638
0.18646191941
0.336559814511
0.418234757368
0.396103563689
0.28736127392
0.146852469968
0.0374192368171
0.000117784467586
0.0383309213079
0.120885901599
0.200369980266
0.236607426064
0.214366248121
0.147286180366
0.0684424040238
0.0129924712644
0.00170354342707
0.0327887295968
