13.1920155241
13.1757546143
13.1271158989
13.0465291281
12.9347030408
12.7926141456
12.6214914529
12.4227976255
12.198206348
11.9495769544
11.6789273713
11.3884042617
11.080252603
10.7567853643
10.4203511891
10.0733053806
9.71798042853
9.35665949079
8.99154959095
8.62476069242
8.25828537608
7.89398201207
7.53356190725
7.17857841424
6.83042093046
6.49031039238
6.15929895611
5.83827215994
5.52795259009
5.22890776061
4.9415579261
4.66618691558
4.40295270833
4.1518998766
3.91297237618
3.6860259156
3.47084100266
3.26713484783
3.07457333045
2.8927818069
2.72135480021
2.55986616489
2.40787564035
2.26493645448
2.13060136012
2.00442722625
1.88597901238
1.77483286743
1.67057836744
1.57282006528
1.48117892618
1.39529175811
1.31481317267
1.23941385121
1.16878106601
1.10261814767
1.04064395218
