7.69720718287
7.69229507444
7.67758130637
7.65313335378
7.61906302282
7.57552548122
7.52271791953
7.46087786075
7.39028114085
7.31123958681
7.22409842215
7.12923343352
7.02704793374
6.91796955921
6.80244694034
6.68094628441
6.55394791031
6.42194277357
6.28542901939
6.14490859888
6.00088398216
5.85385499868
5.70431583256
5.55275219701
5.39963870881
5.24543647983
5.09059093914
4.93552989541
4.78066184581
4.62637453415
4.47303375766
4.32098241888
4.17053981623
4.02200116453
3.87563733432
3.73169479727
3.59039576328
3.45193849376
3.31649777467
3.18422553246
3.05525157565
2.92968444479
2.80761235403
2.68910420747
2.57421067475
2.46296531048
2.35538570354
2.25147464295
2.15122128835
2.05460233409
1.9615831571
1.87211894005
1.78615576229
1.70363165218
1.6244775957
1.54861849687
1.47597408707
