11.0032438745
10.992470482
10.9602289533
10.9067541179
10.8324336695
10.7378026694
10.6235361325
10.4904396636
10.3394385156
10.1715651527
9.98794583686
9.789786093
9.57835577862
9.35497381865
9.12099272466
8.87778380507
8.62672218506
8.36917289998
8.10647919706
7.83994824811
7.57084270165
7.30037012626
7.02967532854
6.75983361942
6.49184557357
6.22663312261
5.96503694911
5.70781510655
5.45564277376
5.20911303946
4.96873860351
4.73495427621
4.50812004459
4.2885252482
4.0763922181
3.87188078116
3.67509342851
3.48607990607
3.30484222117
3.13133945385
2.96549256792
2.80718908755
2.6562875428
2.51262169132
2.37600449883
2.2462318528
2.12308597821
2.00633856848
1.89575362656
1.79108994295
1.6921036687
1.59854976324
1.51018469975
1.42676664037
1.348057922
1.27382561097
1.2038425045
