3.75355645368
3.75239497422
3.74891312347
3.74311865337
3.73502444738
3.72464846607
3.71201367143
3.69714793043
3.68008389844
3.66085888325
3.63951469059
3.61609745218
3.59065743729
3.56324884911
3.53392960716
3.50276111715
3.46980802949
3.43513798825
3.3988213717
3.36093102623
3.32154199505
3.28073124316
3.23857738028
3.19516038304
3.15056131801
3.10486206701
3.05814505596
3.01049298868
2.96198858681
2.91271433701
2.86275224658
2.81218360839
2.76108877611
2.70954695038
2.65763597686
2.60543215649
2.55301006868
2.5004424077
2.44779983257
2.39515083075
2.34256159565
2.29009591803
2.23781509115
2.18577782972
2.13404020212
2.08265557592
2.0316745761
1.98114505576
1.93111207863
1.88161791308
1.83270203696
1.78440115271
1.7367492121
1.68977745006
1.64351442683
1.59798607784
1.55321577061
1.50922436807
1.46603029758
1.42364962498
1.3820961331
1.34138140407
1.30151490473
1.26250407477
1.22435441683
1.1870695881
1.15065149298
1.11510037618
1.08041491599
1.04659231716
1.013628403
0.981517706523
0.950253560092
0.9198281834
0.89023276951
0.8614575687
