538.248841302
538.102708913
537.664589165
536.935313348
535.916263688
534.609368494
533.017095389
531.142442671
528.988928854
526.560580433
523.861917947
520.897940412
517.674108199
514.196324455
510.470915157
506.504607902
502.304509544
497.878082782
493.233121828
488.377727261
483.320280199
478.069415908
472.633996974
467.023086156
461.245919061
455.311876736
449.230458326
443.011253887
436.663917493
430.198140725
423.623626662
416.950064457
410.187104612
403.344335013
396.431257835
389.457267361
382.431628806
375.363458189
368.261703317
361.135125916
353.992284949
346.841521159
339.690942843
332.548412894
325.421537092
318.317653681
311.243824187
304.206825505
297.213143205
290.268966062
283.380181763
276.552373765
269.790819279
263.10049269
256.486048077
249.95184255
243.501937433
237.140080126
230.869724892
224.694033074
218.615878307
212.637852403
206.762271839
200.991184796
195.326378695
189.769388168
184.321503419
178.98377891
173.757042328
168.641903788
163.638765206
158.747829815
153.969111764
149.302445776
144.747496802
140.303769656
