98.1330499737
97.5653021747
95.8784503029
93.1210125509
89.3716569687
84.7360950963
79.3428469557
73.3382120342
66.880612416
60.1346366823
53.2649431521
46.4304351987
39.7788716305
33.4421854286
27.5326191418
22.1399767433
17.3298688611
13.1431108244
9.59623556
6.68295524265
4.37654851485
2.63289703308
1.39409723762
0.592303045062
0.153742973031
0.00254790934056
0.0643611090682
0.269449412991
0.555288665749
0.868461583172
1.16592318985
1.41553959989
1.59600947609
1.69619200537
1.7139935587
1.65485170818
1.53002854068
1.35476362246
1.14647619423
0.923062416837
0.701428413032
0.496298488092
0.319351335586
0.178689024242
0.0786616527384
0.0199705222624
6.41423470054e-05
0.0137203392659
0.0537598550366
0.111851907278
0.179279656162
0.24769625318
0.309722718034
0.35945119108
0.392742654303
0.407372939893
0.403003267938
