6.15461133276
6.1516101541
6.14261684072
6.12766199597
6.10679641111
6.08009074597
6.04763508624
6.00953838141
5.96592776888
5.91694779047
5.86275950868
5.80353953096
5.73947895072
5.67078221495
5.5976659283
5.52035760433
5.43909437458
5.35412166658
5.26569186158
5.1740629431
5.07949714674
4.98225962186
4.88261711475
4.78083668295
4.67718444934
4.57192440418
4.46531726236
4.35761938255
4.24908175389
4.13994905507
4.03045878987
3.92084050217
3.81131507276
3.70209409932
3.59337936007
3.48536236106
3.37822396595
3.27213410676
3.16725157336
3.06372387872
2.96168719682
2.86126636913
2.7625749759
2.66571546742
2.5707793509
2.47784742786
2.38699007724
2.29826757911
2.21173047403
2.12741995297
2.04536827314
1.96559919479
1.88812843457
1.81296413111
1.7401073186
1.66955240471
1.60128764913
