55.0042759234
54.6640548023
53.6554520514
52.014030314
49.7970352666
47.0804889845
43.9553803877
40.5231783714
36.8909246058
33.1662676965
29.452624842
25.8447834868
22.4252452475
19.2613799513
16.4035771696
13.8844277687
11.7189439702
9.90568874571
8.42871120503
7.2601338102
6.36311791493
5.69504198856
5.21066249449
4.86503913909
4.6160949626
4.42664549853
4.26584349999
4.11000303686
3.94281453856
3.75501076407
3.54358492238
3.31065930324
3.06215313173
2.80636584287
2.55260872834
2.3099761414
2.08635076605
1.88768859622
1.71760032414
1.57723571433
1.46542659548
1.37905163888
1.31354825092
1.26350837633
1.2232873475
1.18756495323
1.15181056209
1.11261009476
1.06785195728
1.0167420471
0.959719087058
0.898209885172
0.834345395684
0.770620471584
0.709559279465
0.653415260276
0.603932857443
