7.06154949554
7.05750461697
7.04538640641
7.0252440144
6.99715894335
6.96124442998
6.91764459068
6.86653333994
6.80811309401
6.74261327479
6.67028863078
6.59141739381
6.50629929195
6.41525344016
6.31861613115
6.21673854966
6.10998443347
5.9987277045
5.88335009304
5.76423877734
5.64178405996
5.51637710108
5.38840772751
5.25826233453
5.12632189599
4.99296009616
4.85854159482
4.72342043503
4.58793860118
4.45242473256
4.31719299586
4.18254211819
4.04875458018
3.91609596715
3.78481447462
3.65514056331
3.52728675705
3.40144757641
3.27779959951
3.1565016411
3.03769504005
2.92150404531
2.80803628983
2.69738334213
2.58962132491
2.48481159051
2.38300144317
2.28422489839
2.18850347018
2.09584697751
2.00625436175
1.91971450769
1.83620706114
1.755703237
1.67816661216
1.60355389844
1.53181569136
