8.40984541931
8.40367836078
8.38521106396
8.35454479902
8.31184713536
8.25735014239
8.19134791426
8.11419346073
8.02629501693
7.92811183335
7.8201495152
7.70295498612
7.57711115511
7.44323136846
7.30195372848
7.15393536038
6.99984670554
6.84036591567
6.67617341679
6.50794670561
6.33635543368
6.16205682665
5.98569147782
5.80787954651
5.62921738352
5.45027459743
5.27159156802
5.09367740531
4.91700834635
4.74202657578
4.56913945104
4.39871910867
4.23110242477
4.06659129978
3.90545323602
3.74792217516
3.59419956232
3.44445560359
3.2988306846
3.15743691879
3.0203597955
2.88765990014
2.75937468039
2.63552023509
2.51609310432
2.40107204209
2.2904197552
2.184084594
2.08200218358
1.98409698552
1.89028378268
1.80046908136
1.71455242661
1.63242762846
1.55398389763
1.47910689107
1.40767966825
