5.05439346513
5.05250935398
5.04686170431
5.03746454659
5.02434119579
5.00752737003
4.98706008591
4.96299135901
4.93538020149
4.90429416068
4.86980200703
4.83200000022
4.79097225897
4.74682366551
4.69963341633
4.64954027193
4.59664969568
4.54108454446
4.48296711335
4.42243066455
4.35960740203
4.29463582324
4.22765542443
4.15881659017
4.08823663375
4.01608649615
3.94250402277
3.86763326827
3.79162044701
3.71460730052
3.63673771682
3.55821817035
3.47898814011
3.39938531319
3.31947481278
3.23938608467
3.15910803407
3.07917420223
2.99928861645
2.91970528619
2.84053266177
2.76187582245
2.68381857528
2.60652641309
2.52999211633
2.45433840947
2.37964303915
2.30597798074
2.23341081285
2.16200388919
2.09181282285
2.02288866725
1.95527919894
1.88902333424
1.82415803518
1.76071449222
1.69871802125
