46.0443217817
45.8563352894
45.2965205476
44.3771813632
43.1184143163
41.5473891219
39.6976701279
37.6080389464
35.3213878122
32.8833906442
30.3412122246
27.7421598848
25.1323284995
22.5554183039
20.0516215705
17.656684372
15.4011530877
13.309828164
11.401432108
9.68849892857
8.17747488624
6.86901672093
5.75846381151
4.83646105646
4.08969963982
3.50172611608
3.05381347008
2.72582604974
2.49706373129
2.34705045866
2.2562325612
2.20657622182
2.18204613698
2.16894397149
2.15612577328
2.13507974802
2.09988908604
2.04708423659
1.97540196634
1.88547887433
1.77948951808
1.66076150119
1.53338075476
1.40181401041
1.27055922548
1.14383990042
1.02535887329
0.918111712112
0.82426586408
0.745104421057
0.681031242456
0.631628322681
0.59575888411
0.571705173897
0.55732399531
0.550220897635
0.547912947534
