5.08094486221
5.07892106611
5.07285527967
5.06276427992
5.04867593345
5.03062905442
5.00867320748
4.98286845679
4.95328506335
4.92000313285
4.88311221661
4.84271086875
4.79890616284
4.75181317164
4.70155441359
4.64825927033
4.59206337908
4.53310800444
4.47153939374
4.40750812051
4.34116842025
4.27267752299
4.20219498683
4.12988203653
4.05590091123
3.980414225
3.90358434391
3.82557278282
3.74653962508
3.66664296798
3.58603839634
3.50487848658
3.42331234313
3.34148516877
3.25953787019
3.17760669978
3.09582293413
3.01431258993
2.93319617695
2.85258848826
2.77259842692
2.6933288687
2.61487655965
2.53733204764
2.46077964632
2.38529743018
2.31095725906
2.23782483028
2.16595975666
2.09541566854
2.0262403377
1.95847582128
1.8921586237
1.8273198745
1.76398552014
1.70217652774
1.64190909902
