128.157098525
127.189391383
124.322708506
119.664459164
113.387380731
105.720564156
96.9376408082
87.3429066014
77.2562760883
66.997874245
56.8732688203
47.1601264278
38.0969933149
29.8749133741
22.6319902994
16.4512815847
11.36182539
7.34258520055
4.32885318738
2.22055950992
0.89177043182
0.20078347912
3.93233846329e-05
0.145260669578
0.503318411502
0.958447187326
1.41645456036
1.80708648198
2.08431307452
2.22498695546
2.22606063356
2.10072984568
1.8739959643
1.57799181425
1.24750513074
0.91603291381
0.612579209114
0.359398826897
0.170722687557
0.0524488729138
0.00268953440214
0.0130255250897
0.0702122846068
0.158172500278
0.259982756354
0.359720070326
0.443963853113
0.502888223146
0.530814577002
0.526303501558
0.491788426169
0.432855152712
0.357272397444
0.273891110431
0.19156720778
0.11818391142
0.0599017531377
