118.301018777
117.45662458
114.953508842
110.880371073
105.380162919
98.642992641
90.8969563991
82.3970371494
73.4132619993
64.2182728497
55.0753118098
46.227223229
37.8869011879
30.2299412584
23.3894613553
17.4533626525
12.4645246077
8.42277169174
5.28939482112
2.99305952501
1.4371191324
0.507504473326
0.0808308082582
0.0321273195386
0.241812621884
0.60154733649
1.0186310491
1.4189639063
1.74840716227
1.9727152114
2.0759924031
2.05846081853
1.93311020172
1.72214285516
1.45322384005
1.1559077922
0.858522647473
0.585601269526
0.356125760851
0.182457829998
0.0700743594103
0.0179848459229
0.0196518953558
0.0643515152039
0.138741976304
0.228466733772
0.319688139255
0.400345359929
0.461148054265
0.496125299669
0.502827351929
0.482143468721
0.437831463627
0.375801989837
0.303265713099
0.227842925853
0.156746006431
