805.117899081
804.746356457
803.633055562
801.781967677
799.199679548
795.895345707
791.880622534
787.169584845
781.778625991
775.72634266
769.033405691
761.722418408
753.817764033
745.34544388
736.332908059
726.808880459
716.803179799
706.346538503
695.470421123
684.206843946
672.588197383
660.64707257
648.416093559
635.927756294
623.214275461
610.307440145
597.238479073
584.037936084
570.735556314
557.360183423
543.939668099
530.500787878
517.069178256
503.669274925
490.324266864
477.056059938
463.885250583
450.831109057
437.911571732
425.143241804
412.541397814
400.12000932
387.891759047
375.868070866
364.059142914
352.473985223
341.120461206
330.005332393
319.134305823
308.512083545
298.142413695
288.028142663
278.171267904
268.572990973
259.233770409
250.153374136
241.330931079
232.764981717
224.453527375
216.394078019
208.58369842
201.019052543
193.696446046
186.611866817
179.761023484
173.139381866
166.742199342
160.564557142
154.60139057
148.847517187
143.297663002
137.946486701
132.788602001
127.818598155
123.031058719
118.420578623
