9.45443778113
9.44614914368
9.42134070906
9.38018408207
9.32296253
9.25006694187
9.16199030944
9.05932086171
8.94273422863
8.81298352736
8.67089080582
8.51733573638
8.35324501955
8.17958141043
7.99733278872
7.80750146253
7.61109387798
7.40911088547
7.20253868973
6.99234058588
6.77944955852
6.56476179591
6.3491311478
6.13336453343
5.91821828684
5.70439540908
5.49254368286
5.28325459331
5.07706298949
4.87444741516
4.67583103332
4.48158306699
4.29202067947
4.10741121844
3.92797475196
3.75388682826
3.58528139645
3.42225383075
3.26486400672
3.11313938411
2.96707805686
2.8266517369
2.69180864358
2.5624762765
2.43856405367
2.31996580206
2.20656209109
2.09822240349
1.9948071408
1.89616946368
1.80215696907
1.71261320856
1.62737905326
1.54629391209
1.469196811
1.39592734129
1.32632648572
