651.421333785
651.196196829
650.521350433
649.398485296
647.830410244
645.821038782
643.375370413
640.499466866
637.200423393
633.486335371
629.366260428
624.850176398
619.948935381
614.674214258
609.038462001
603.054844149
596.737184829
590.099906725
583.157969383
575.926806265
568.422260948
560.66052288
552.658063064
544.431570077
535.997886766
527.373948002
518.576719794
509.623140103
500.530061624
491.314196814
481.992065399
472.579944575
463.093822079
453.549352306
443.961815568
434.346080634
424.716570596
415.087232114
405.471508073
395.882313633
386.332015652
376.832415437
367.39473475
358.029604979
348.747059378
339.556528251
330.466836952
321.486206559
312.62225706
303.882012909
295.271910766
286.797809272
278.46500067
270.278224108
262.241680445
254.3590484
246.633501866
239.067728222
231.6639475
224.423932233
217.34902786
210.440173523
203.697923149
197.122466669
190.713651284
184.471002645
178.393745867
172.480826281
166.730943134
161.142516986
155.713787198
150.442779531
145.327337207
140.365138664
135.553714641
130.890464568
