8.84201710457
8.83546532224
8.81584499136
8.78326080494
8.73788607261
8.67996097203
8.60979013922
8.52773963551
8.43423333756
8.32974880565
8.21481269233
8.08999575934
7.95590757501
7.81319096775
7.662516312
7.5045757238
7.34007724115
7.16973906201
6.99428390875
6.81443358288
6.63090376811
6.44439913303
6.25560877773
6.06520206094
5.87382483666
5.68209612146
5.49060520594
5.29990921659
5.11053112728
4.92295821327
4.73764093469
4.55499223159
4.37538720788
4.19916317816
4.02662004829
3.85802099858
3.69359343679
3.53353018763
3.37799088498
3.22710353371
3.08096620867
2.93964885986
2.80319519447
2.67162460825
2.5449341411
2.42310043398
2.30608166659
2.19381945779
2.0862407133
1.98325940741
1.88477828777
1.79069049479
1.70088108875
1.61522848016
1.5336057601
1.45588192932
1.38192302587
