174.401101452
172.610697785
167.331073344
158.830430448
147.534536919
133.996748504
118.859562865
102.811277851
86.5407885088
70.6946369624
55.8392410282
42.43137119
30.7984809384
21.1300560162
13.4798330084
7.77795778656
3.85127578238
1.44928298622
0.273239417407
0.00542980512373
0.336252428142
0.986860047972
1.72596828493
2.37998576928
2.83641366205
3.0410430167
2.99016387988
2.71915673577
2.28922928937
1.77386590652
1.246574729
0.770776777532
0.393116003708
0.139796633145
0.0164119137451
0.0103984157494
0.0955465227058
0.237638754272
0.400333975888
0.550436989629
0.662047056345
0.71909870483
0.716214304725
0.657926725502
0.556704438734
0.430013341575
0.297172932233
0.17623861239
0.0815242202597
0.0218979978576
0.000176971177642
0.013274561794
0.0534472006295
0.10984910179
0.170505396733
0.22419883155
0.262054778762
