8.33578546409
8.32982959724
8.3119934049
8.28237079031
8.24111719296
8.18844800777
8.12463640779
8.05001060515
7.96495059367
7.86988442397
7.76528406863
7.65166093984
7.52956112602
7.3995604164
7.2622591834
7.11827719267
6.96824840878
6.81281586193
6.65262663713
6.48832704231
6.32055800648
6.1499507526
5.97712278308
5.80267420914
5.62718444792
5.4512093043
5.27527844761
5.09989328686
4.92552524207
4.75261440369
4.58156856726
4.41276262604
4.24653830072
4.08320418243
3.92303606284
3.76627752373
3.61314075702
3.46380758631
3.31843066054
3.1771347913
3.04001840597
2.90715509047
2.77859519661
2.65436749103
2.53448082456
2.4189258029
2.30767644153
2.20069178989
2.09791751203
1.99928741279
1.90472490046
1.81414437897
1.72745256388
1.64454971855
1.56533080763
1.48968656689
1.41750448905
