7.31893384624
7.31440507603
7.30083928638
7.27829786091
7.24688251064
7.20673439003
7.15803287636
7.10099402924
7.03586875083
6.96294067141
6.88252378828
6.79495988857
6.70061578892
6.59988042668
6.49316183819
6.3808840603
6.26348399083
6.14140824346
6.01511003068
5.88504610709
5.75167380313
5.61544817649
5.476819306
5.33622974932
5.19411218292
5.050887239
4.90696155122
4.76272601712
4.61855428254
4.47480144961
4.33180300749
4.18987398206
4.04930829831
3.9103783473
3.77333474735
3.63840628783
3.5058000424
3.37570163797
3.24827566436
3.12366620995
3.00199750775
2.88337467688
2.76788454451
2.65559653368
2.54656360323
2.44082322657
2.33839839708
2.23929864863
2.14352108077
2.05105137918
1.96186482293
1.87592727105
1.79319612209
1.71362124113
1.63714584969
1.56370737491
1.49323825518
