239.008235232
235.482515347
225.164180753
208.803201418
187.564309932
162.910334077
136.458758757
109.829462962
84.5001937419
61.6863028384
42.2567029579
26.6930080617
15.0932110178
7.21574602638
2.55442971678
0.432767670269
0.10359902336
0.841890926511
2.01972318859
3.15669722768
3.94298768912
4.23616072016
4.03646783125
3.44764017703
2.63130653854
1.7628113848
0.994694082242
0.4323032085
0.12290737124
0.05763942353
0.183537581648
0.421629704377
0.686765746978
0.90514447425
1.02682534176
1.03145970151
0.927361924842
0.745162307122
0.527922127444
0.320350655513
0.159241935716
0.0669181696152
0.0486081679449
0.0935517939132
0.17939616068
0.278399855105
0.363822235297
0.415526405654
0.423315557322
0.387916973913
0.319481530516
0.234333167269
0.150720034845
0.0847064755864
0.0469143477923
0.0408379836048
0.0627973750813
