620.08282744
619.886085069
619.296298808
618.314789364
616.943751767
615.186246193
613.046185193
610.528317419
607.638207943
604.382215298
600.767465387
596.801822416
592.493857045
587.852811943
582.888564961
577.611590148
572.032916847
566.164087102
560.017111638
553.604424662
546.93883774
540.033493008
532.901815974
525.557468161
518.014299841
510.286303096
502.387565443
494.332224249
486.134422129
477.808263553
469.367772821
460.826853603
452.199250171
443.498510488
434.737951266
425.930625099
417.089289771
408.226379796
399.353980269
390.483803054
381.627165333
372.794970541
363.997691661
355.245356885
346.547537579
337.913338539
329.351390456
320.869844544
312.476369234
304.178148877
295.981884334
287.893795381
279.919624808
272.064644119
264.333660706
256.731026397
249.260647261
241.925994545
234.730116645
227.67565198
220.764842671
213.9995489
207.381263862
200.911129186
194.589950739
188.418214715
182.396103916
176.523514141
170.800070599
165.225144287
159.79786823
154.517153562
149.381705352
144.390038142
139.540491141
134.831243043
