419.526106718
419.434549011
419.160018756
418.702944135
418.064037378
417.244292672
416.244983232
415.06765757
413.714134962
412.186500143
410.487097252
408.618523051
406.583619451
404.38546538
402.027368021
399.512853472
396.845656856
394.029711925
391.069140212
387.968239766
384.731473525
381.363457365
377.868947889
374.252829989
370.520104241
366.675874175
362.725333477
358.673753163
354.526468775
350.288867646
345.966376278
341.564447879
337.088550089
332.544152954
327.936717165
323.271682613
318.554457284
313.790406528
308.984847067
304.143020375
299.270107332
294.37120381
289.451315874
284.515351781
279.568114499
274.614294746
269.658464558
264.705071397
259.758432788
254.822731498
249.902011242
245.000172924
240.120971395
235.268012725
230.444751975
225.654491466
220.900379512
216.185409626
211.512420161
206.884094387
202.302960964
197.771394817
193.291618373
188.865703144
184.495571649
180.182999622
175.929618528
171.736918324
167.606250467
163.538831144
159.5357447
155.597947239
151.726270386
147.921425189
144.18400613
140.514495245
