6.35069365248
6.34488013601
6.32820151986
6.30195836279
6.26665330275
6.2222093659
6.16884322712
6.10711705196
6.03756467464
5.96068101362
5.87703497309
5.78721052212
5.69176971162
5.59128928829
5.48634605545
5.37749264021
5.2652714296
5.15021140899
5.03281334554
4.91355579488
4.79289595108
4.67126086424
4.5490504092
4.4266397269
4.30437430034
4.18257172855
4.06152464877
3.94149839297
3.82273221931
3.70544229938
3.58982077717
3.47603685832
3.36423970565
3.25455831874
3.14710234591
3.04196472667
2.93922217645
2.83893582455
2.74115340629
2.64590999309
2.55322856094
2.46312183737
2.37559306224
2.29063637356
2.20823834926
2.12837883494
2.05103117639
1.97616336022
1.90373880726
1.83371658152
1.76605229261
1.70069865258
1.63760566679
1.57672131398
1.51799208383
1.46136302547
1.40677820171
1.35418119236
1.30351515526
1.25472302773
1.20774799134
1.16253346726
1.11902323931
1.07716186122
1.03689457742
0.998167416639
0.960927450752
0.925122776673
0.890702525658
0.857617060803
0.825817940899
0.795257898956
0.765891017263
0.737672670891
0.710559431918
0.684509226882
