13.2162672103
13.199976957
13.1512495631
13.0705128872
12.9584726082
12.8161013446
12.6446233487
12.4454961889
12.2203885928
11.971155348
11.6998103066
11.4084972349
11.099459713
10.7750110674
10.4375017962
10.0892922955
9.73272137015
9.37008028411
9.00358715439
8.63536453547
8.26741900537
7.90162458905
7.53970888524
7.18324235291
6.83363110122
6.49211260293
6.15975489996
5.83745755615
5.52595660439
5.22582962038
4.93750640121
4.66127643752
4.39730160683
4.1456280714
3.90619855265
3.67886557688
3.46340437122
3.25952492026
3.06688449345
2.88509869648
2.71375172237
2.55240618426
2.4006108201
2.25790817578
2.12384066671
1.99795565021
1.87980958896
1.76897124169
1.66502398167
1.56756746927
1.47621865586
1.39061237286
1.31040091066
1.23525495678
1.16486171298
1.09892528012
1.03716559885
