697.691120665
697.438529133
696.681406876
695.421707727
693.662677505
691.408838249
688.6659663
685.441064416
681.742328108
677.579106461
672.961857723
667.902099979
662.412357286
656.506101637
650.197691179
643.502305112
636.435875724
629.015018025
621.256957443
613.179456077
604.800737966
596.13941385
587.214405895
578.044872819
568.650135872
559.049606061
549.262713049
539.308836061
529.207237171
518.976997261
508.636954946
498.205648719
487.70126252
477.141574929
466.543912134
455.925104776
445.301448776
434.688670192
424.101894124
413.555617668
403.063686876
392.639277678
382.29488066
372.042289608
361.892593686
351.856173096
341.942698078
332.161131048
322.519731719
313.026064984
303.687011381
294.508779915
285.496923048
276.656353621
267.991363528
259.505643909
251.202306675
243.083907151
235.152467666
227.409501887
219.856039718
212.492652617
205.31947915
198.336250646
191.542316806
184.936671151
178.517976177
172.284588124
166.234581253
160.365771552
154.675739794
149.161853881
143.821290421
138.651055489
133.648004534
128.808861404
