587.182859632
587.009644607
586.490355809
585.626060702
584.418533884
582.870250342
580.984376064
578.764756073
576.215899928
573.342964797
570.151736189
566.64860645
562.840551157
558.735103521
554.340326971
549.664786039
544.71751572
539.507989482
534.046086068
528.342055297
522.406483013
516.250255389
509.884522732
503.320663008
496.570245219
489.644992852
482.556747523
475.317433022
467.939019881
460.433490645
452.812805968
445.088871675
437.273506922
429.378413552
421.415146771
413.395087226
405.329414564
397.229082563
389.104795876
380.966988443
372.825803624
364.691076056
356.572315273
348.478691087
340.419020728
332.401757722
324.434982512
316.526394757
308.683307299
300.912641743
293.220925591
285.614290891
278.098474321
270.678818649
263.360275493
256.147409313
249.044402556
242.055061859
235.182825262
228.43077031
221.801622993
215.29776743
208.921256207
202.673821312
196.55688556
190.571574458
184.718728417
178.99891525
173.412442885
167.95937222
162.63953007
157.452522146
152.397745992
147.474403859
142.681515441
138.017930449
