534.553428489
534.402517542
533.950092755
533.197077083
532.14500479
530.796015487
529.152845828
527.21881893
524.997831562
522.494339198
519.713339012
516.660350919
513.341396776
509.762977858
505.932050755
501.856001804
497.54262023
493.000070117
488.236861395
483.261819972
478.084057196
472.712938785
467.158053413
461.429181083
455.536261467
449.489362347
443.298648326
436.974349928
430.526733249
423.966070266
417.302609941
410.546550225
403.70801107
396.797008543
389.823430126
382.797011282
375.727313343
368.623702786
361.495331938
354.35112114
347.199742406
340.049604585
332.908840037
325.785292813
318.68650835
311.619724629
304.591864808
297.609531267
290.679001044
283.806222609
276.996813934
270.256061797
263.588922269
257.000022312
250.493662446
244.073820386
237.744155616
231.508014807
225.368438016
219.328165604
213.389645791
207.555042796
201.826245473
196.204876399
190.692301341
185.28963903
179.997771204
174.817352841
169.748822547
164.792413032
159.948161632
155.215920835
150.595368762
146.086019564
141.687233708
137.398228106
