206.385468709
203.772918141
196.099941401
183.846130284
167.763909249
148.813834321
128.082587633
106.694411175
85.7224199151
66.1098787686
48.6078705456
33.7353320448
21.7625486378
12.7190616588
6.4229357949
2.52599752475
0.569547794773
0.0432006461308
0.44065492019
1.30651657096
2.27091583064
3.06848707476
3.54365883708
3.64168813149
3.39032568796
2.87453191092
2.20956902171
1.51544460185
0.896060695053
0.425181471445
0.139671471501
0.0400162806077
0.0964566070648
0.259034735449
0.469280874908
0.671341599318
0.821008464266
0.891286611981
0.874341626818
0.779880383662
0.630719215125
0.456866071081
0.289077103907
0.153246916833
0.0663860033362
0.0346742048369
0.0536961548395
0.110613042525
0.187360798159
0.264643446318
0.325543674453
0.358308835786
0.357900144449
0.326180844481
0.270664911022
0.202789318371
0.135094111547
