4.98864123137
4.98639389028
4.97965971166
4.96846217365
4.95284022133
4.93284799127
4.90855443039
4.88004281379
4.84741016681
4.81076659833
4.77023455255
4.72594798779
4.67805149127
4.62669933941
4.57205451351
4.514287681
4.45357615231
4.39010282351
4.32405511465
4.25562391314
4.18500253145
4.11238568744
4.0379685153
3.96194561413
3.88451014066
3.80585295148
3.72616179965
3.64562058945
3.5644086924
3.48270032658
3.40066400094
3.31846202491
3.23625008362
3.15417687771
3.07238382661
2.99100483345
2.91016610918
2.82998605333
2.75057518825
2.67203614362
2.5944636876
2.51794480103
2.44255879081
2.36837743878
2.29546518203
2.2238793212
2.15367025275
2.08488172183
2.01755109219
1.95170962994
1.88738279794
1.82459055803
1.76334767833
1.70366404316
1.6455449633
1.58899148444
1.5340006922
1.48056601181
1.42867750123
1.37832213633
1.32948408721
1.28214498463
1.23628417595
1.19187897
1.14890487033
1.10733579682
1.06714429513
1.02830173423
0.990778491811
0.9545441278
0.919567546135
0.885817145014
0.85326095594
0.8218667719
0.791602352251
0.762435094268
