6.41716445654
6.41380277274
6.40373029294
6.38698464324
6.3636282393
6.3337478478
6.29745397935
6.25488011906
6.20618180338
6.15153555273
6.09113767143
6.02520292722
5.95396312428
5.87766558398
5.79657154871
5.7109545244
5.62109857777
5.52729660412
5.42984858164
5.32905982781
5.22523927262
5.11869776316
5.00974641283
4.89869500767
4.78585048127
4.67151546816
4.55598694487
4.43955496602
4.32250150188
4.20509938206
4.08761134915
3.97028922439
3.8533731864
3.73709116286
3.62165833368
3.50727674343
3.39413501968
3.28240819306
3.17225761429
3.06383096255
2.95726233929
2.85267244093
2.75016880387
2.64984611469
2.5517865787
2.45606033954
2.36272594308
2.27183090167
2.18341191011
2.09749603329
2.01410064861
1.93323434833
1.85489746977
1.77908269086
1.705775623
1.63495539733
1.56659524061
