11.952434748
11.9393486921
11.9001984576
11.8353062042
11.7452028094
11.6306199518
11.4924780415
11.33187273
11.1500571124
10.9484235718
10.7284829095
10.491843269
10.2401874101
9.97525079072
9.6987986674
9.41260515473
9.11843186515
8.81801053322
8.51302349166
8.20508961536
7.89575029111
7.58645799115
7.27856737565
6.97332813965
6.67188023864
6.37525059287
6.08435283531
5.79998714424
5.52284283564
5.25350171437
4.99244261799
4.74004685084
4.49660431022
4.26232011735
4.0373215795
3.82166532652
3.6153444969
3.41829577028
3.23040634253
3.05152052481
2.88144604979
2.7199599573
2.56681413912
2.42174034286
2.28445491389
2.15466274945
2.03206135978
1.91634358696
1.80720115564
1.7043267451
1.60741626985
1.51617066905
1.43029744493
1.34951173575
1.27353753162
1.20210826261
1.13496740015
