179.929635375
177.953851495
172.134598764
162.787915129
150.413768605
135.65837652
119.266482842
102.027687434
84.7214961779
68.0660585509
52.6741794858
39.0207850787
27.4232543599
18.0355638976
10.8560910757
5.74706031329
2.46283754002
0.684011999528
0.0533983233955
0.210612377662
0.822070585657
1.60441118658
2.33933466504
2.88041858508
3.15130570355
3.13766719581
2.87378291401
2.42668890076
1.87954712948
1.31648077695
0.810164711687
0.413400601258
0.154919528314
0.0391467903917
0.0496350697848
0.15463764958
0.314185708303
0.487133806317
0.637340969287
0.738458147887
0.776003048783
0.748155917418
0.663990237494
0.540611621561
0.399389895686
0.26203378092
0.147148384969
0.067710305909
0.0296774226274
0.0319044183633
0.0670933595022
0.123709369206
0.18821254977
0.24744439105
0.290654401363
0.310962155564
0.306022844959
