483.796959231
470.105533178
430.950324772
371.713361686
300.204546592
225.201868183
154.900746285
95.6058266631
50.9227005981
21.5764862094
5.82094645735
0.274053213508
0.932864430572
4.11050500088
7.09583927267
8.43605266849
7.85211645471
5.88985033169
3.45809473337
1.40381487513
0.23445923643
0.0288522011778
0.516556367066
1.25727917428
1.83656283364
2.00766933236
1.74258442637
1.19289995219
0.594356513875
0.159439237586
0.000467119812088
0.104708406899
0.361160184262
0.621962423262
0.764663568777
0.736141232245
0.561847268432
0.322852598764
0.114957943
0.00821543447412
0.0226047725141
0.127174379441
0.259484980919
0.355162272308
0.373686075119
0.311997647857
0.200655666914
0.087084079321
0.0142430743995
0.00352894692545
0.0485643202006
0.121021207576
0.184743136127
0.211363141675
0.191251969571
0.135313762024
0.0683351062554
