6.44320945053
6.43871524152
6.42526340601
6.40294546306
6.37191131752
6.3323659359
6.28456547356
6.22881300369
6.16545379427
6.09487010593
6.01747564847
5.93370993519
5.8440327311
5.74891868167
5.6488521511
5.54432231813
5.43581860702
5.32382651928
5.20882388833
5.09127755234
4.9716404426
4.85034909343
4.72782157053
4.60445579652
4.48062824258
4.35669295987
4.23298092885
4.10979970049
3.98743329633
3.86614233374
3.74616434852
3.62771429032
3.51098516531
3.3961487984
3.28335669053
3.17274095116
3.06441528896
2.95847604284
2.85500323638
2.75406164159
2.65570184182
2.55996128449
2.46686531449
2.37642818003
2.28865400523
2.20353772597
2.12106598569
2.04121798769
1.96396630152
1.88927762301
1.81711348793
1.74743093947
1.68018314928
1.61531999279
1.5527885807
1.49253374825
1.4344985038
1.37862443792
1.32485209512
1.27312131047
1.2233715134
1.17554200017
1.12957217691
1.08540177535
1.04297104349
1.00222091305
0.963093145062
0.925530455507
0.889476622632
0.854876577877
0.821676481634
0.789823785045
0.759267279186
0.729957133105
0.701844921886
0.674883645606
