6.52908202345
6.52567963072
6.51548489075
6.49853503366
6.47489182893
6.44464116735
6.40789248176
6.36477801264
6.31545192588
6.26008929184
6.19888493588
6.13205217183
6.05982143086
5.98243879909
5.90016447802
5.81327118217
5.72204248877
5.62677115454
5.5277574143
5.42530727615
5.31973082738
5.21134056488
5.10044976293
4.98737089057
4.87241408971
4.75588572418
4.63808700868
4.51931272562
4.39985003633
4.2799773922
4.15996354994
4.04006669371
3.9205336662
3.80159930901
3.68348591196
3.56640276985
3.45054581558
3.33609748976
3.22322645466
3.11208763783
3.00282225302
2.89555792316
2.79040887891
2.68747622622
2.58684827625
2.48860093092
2.39279811727
2.29949226389
2.20872481283
2.12052676051
2.03491922148
1.95191400917
1.87151422791
1.79371487114
1.71850342091
1.64586044418
1.57576018203
