4.21473351048
4.21334116245
4.20916731846
4.20222156528
4.19251983563
4.18008434071
4.16494347633
4.14713170322
4.12668940235
4.10366270614
4.07810330662
4.05006824176
4.01961966136
3.98682457379
3.95175457538
3.91448556386
3.87509743775
3.83367378344
3.79030155169
3.74507072567
3.69807398217
3.64940634802
3.59916485361
3.54744818531
3.49435633869
3.43999027424
3.38445157742
3.32784212456
3.27026375629
3.21181795989
3.15260556198
3.09272643281
3.03227920325
2.97136099566
2.91006716937
2.8484910817
2.78672386514
2.72485422124
2.66296823167
2.60114918661
2.53947743092
2.47803022784
2.41688164039
2.35610243033
2.29575997425
2.23591819662
2.17663751937
2.11797482733
2.05998344919
2.00271315312
1.94621015652
1.89051714908
1.83567332833
1.78171444702
1.72867287126
1.67657764877
1.62545458626
