4.43186306166
4.43041893267
4.42609923922
4.41891013624
4.40886716071
4.39599198014
4.38031230897
4.36186180178
4.34067992392
4.31681180031
4.29030804307
4.26122455883
4.22962233649
4.19556721621
4.15912980939
4.12038458332
4.07942490016
4.03630644081
3.99112853307
3.94397950059
3.89495471235
3.84414550209
3.79165067933
3.737250494
3.68168708139
3.62473967286
3.56681744368
3.50740675008
3.44692098582
3.38546593636
3.32314400527
3.26005815662
3.19631003238
3.13200053834
3.06722991009
3.0020931269
2.93667506702
2.87109626709
2.80543357411
2.73977558678
2.67420853841
2.60883174446
2.54369249102
2.47888446632
2.41448140889
2.35055291227
2.28716482594
2.22438546618
2.16227193355
2.10088037309
2.04026391159
1.98047105948
1.92154839873
1.86353809805
1.80634936899
1.75028108956
1.69522956195
