24.6669870465
24.27482404
23.2281884494
21.8434113248
20.454451453
19.2611974741
18.2839321339
17.4288019166
16.594461734
15.7400191239
14.8836353264
14.059766878
13.2834666068
12.5468558368
11.8373476665
11.1525940617
10.4994190727
9.88351024259
9.30341149768
8.75361827673
8.23088273399
7.73611172859
7.27110873981
6.83508199439
6.42485242181
6.03765753759
5.67282300732
5.33068936653
5.01062134706
4.71057054877
4.42841686631
4.16315076451
3.91460780566
3.68229222294
3.46485568865
3.2607351214
3.06898171695
2.88929111021
2.7213043919
2.56414080257
2.41667590653
2.27812212719
2.14817094809
2.02657825616
1.9127766669
1.80597169772
1.70553997875
1.61121367372
1.52283297482
1.44004249777
1.36228495237
1.28908280757
1.22020781112
1.15556378309
1.09493081965
1.03792679808
0.984185088863
