1102.96362876
1093.68507436
1090.90726124
1086.33305441
1080.00904122
1071.99911881
1062.37780351
1051.22833038
1038.64195286
1024.71634385
1009.55353272
993.259086704
975.940170108
957.704292652
938.658178725
918.906836843
898.55279449
877.694833666
856.428243831
834.843479725
813.026570721
791.058032506
769.013418777
746.962905543
724.971187582
703.097736266
681.396574801
659.916799019
638.702411996
617.792573445
597.222114532
577.02122726
557.216216469
537.82945715
518.879628319
500.382331406
482.349769023
464.79141285
447.714161771
431.122431347
415.018459911
399.402548205
384.273347867
369.6278189
355.461416899
341.768505811
328.542355865
315.775329743
303.458907992
291.583949185
280.140589744
269.118729633
258.507741472
248.296698104
238.474552292
229.029994514
219.951756261
211.228389163
202.84866031
194.801376834
187.074524997
179.658052994
172.540602807
165.71239389
159.159849235
152.877306164
146.850435763
141.073332991
135.531377286
130.219311916
125.130969962
120.247072433
115.572255754
111.084490427
106.794553018
102.670420577
