13.1606327203
13.1444248006
13.0959453316
13.0156248697
12.9041733478
12.7625687669
12.5920417252
12.3940561326
12.1702865428
11.9225926022
11.6529911735
11.3636267984
11.0567408349
10.7346398055
10.3996663823
10.0541665026
9.7004615967
9.34082160773
8.97743961834
8.61240928965
8.2477069055
7.88517321325
7.52650158689
7.17322802373
6.82672445387
6.48819584185
6.15867955054
5.83904770182
5.53001221205
5.2321317093
4.94581979853
4.67135636813
4.40889783067
4.15849017678
3.92008048434
3.6935297948
3.47862581213
3.27509482006
3.08261240192
2.90081461974
2.72930799331
2.567677149
2.41549324106
2.27232039602
2.13772133796
2.01126205228
1.89251555491
1.78106484917
1.67650526959
1.5784456593
1.48650998123
1.40033809858
1.31958534456
1.24392308122
1.17303853253
1.10663452055
1.04442903938
