65.9141111569
61.5332123
50.6053857855
38.1882805209
28.7768743825
23.8497068553
22.0205595583
21.0567489346
19.7066517352
18.018242765
16.5040202181
15.3526640829
14.3687990043
13.3552585815
12.3352242401
11.4299657429
10.6654383779
9.96449027328
9.27101147668
8.60904944978
8.02171134812
7.50327516478
7.01467171688
6.5397781573
6.09734442087
5.70320456631
5.3455970634
5.00403715878
4.67655684972
4.37582235014
4.10591140864
3.85581269065
3.61553083244
3.38802820184
3.18086944302
2.99291869376
2.81577957219
2.64550863262
2.48624729778
2.3417075769
2.20872693316
2.08174204355
1.96022293021
1.84778093514
1.74553669668
1.6499692596
1.55796159894
1.47060823997
1.39048330562
1.31705868639
1.24734512808
1.18005361045
1.11684108325
1.0591098389
1.00555046474
0.954006581425
0.904401047567
