3.35131368401
3.35035157189
3.34746728882
3.34266698605
3.33596088714
3.3273632454
3.31689228462
3.30457012366
3.29042268524
3.27447958953
3.25677403344
3.2373426561
3.2162253916
3.19346530991
3.16910844685
3.14320362436
3.11580226202
3.08695818104
3.05672740188
3.02516793667
2.99233957765
2.9583036828
2.92312295984
2.88686124979
2.8495833112
2.81135460608
2.77224108878
2.73230899856
2.69162465696
2.65025427084
2.60826374184
2.56571848306
2.52268324357
2.47922194145
2.43539750578
2.39127172805
2.34690512338
2.30235680187
2.25768435018
2.2129437236
2.16818914865
2.1234730362
2.07884590501
2.03435631573
1.99005081499
1.94597388947
1.90216792971
1.8586732032
1.81552783659
1.77276780646
1.73042693838
1.68853691373
1.64712728387
1.60622549115
1.56585689637
1.52604481209
1.48681054134
1.44817342133
1.41015087151
1.37275844565
1.33600988739
1.29991718878
1.26449065152
1.22973895023
1.19566919759
1.16228701075
1.12959657878
1.09760073077
1.06630100423
1.03569771344
1.00579001764
0.976575988578
0.948052677308
0.920216180011
0.893061702587
0.866583623897
