2428.42657909
2096.90053313
1318.10960027
547.883667
108.308142568
0.0672134497931
28.8536804801
40.9527313301
17.358542956
0.494533502902
4.4375900283
10.0810387718
5.98766331321
0.464535307458
1.12015108457
3.73775344724
2.8215203387
0.388213216189
0.338410813725
1.69535395318
1.56705625604
0.321175182666
0.102779451685
0.860451126182
0.960770328482
0.267748133054
0.0277770116569
0.469451663035
0.628512733874
0.225935974013
0.00530212166741
0.265777720258
0.428538028628
0.191899145333
0.0014858774109
0.153732015811
0.300119027258
0.162299117835
0.00391382578725
0.0882605356522
0.215046395195
0.138811204815
0.00950226907518
0.051779161593
0.155322178074
0.118668826365
0.0139124918889
0.0284226442301
0.113209120491
0.101335078905
0.0179037207519
0.0142138075458
0.0822768915996
0.0861740574188
0.0214239346642
0.00737618673624
0.0599821938934
