96.2661257266
95.7092329272
94.0546339851
91.3499144595
87.6722553713
83.1253267187
77.8351812356
71.9453644727
65.6112370876
58.994238045
52.255886213
45.5520498413
39.0276631465
32.8121209571
27.0155325917
21.7259936621
17.0078311084
12.901118374
9.42203946636
6.56443586509
4.30210660872
2.59177540679
1.37663210361
0.590146549973
0.159944333185
0.0116104162232
0.0722126050026
0.273352297258
0.553694182848
0.860847445571
1.15258395401
1.39739553247
1.57438246092
1.67261755462
1.69003959409
1.63199225155
1.50952528152
1.33756735298
1.13321774538
0.914042215041
0.696606477784
0.495356704812
0.321751998668
0.183741188926
0.0855798358414
0.0279657103149
0.00839083077608
0.0217404644665
0.0609720909992
0.117903692358
0.183998912303
0.251055254387
0.311848997726
0.360576537566
0.393181706263
0.407480930613
0.403145524596
