3.66099426249
3.65993238043
3.65674888728
3.65145023404
3.64404714551
3.63455457999
3.62299167332
3.60938166749
3.59375182407
3.57613332328
3.55656114887
3.53507395983
3.51171394937
3.48652669206
3.45956098003
3.43086864893
3.40050439486
3.36852558291
3.33499204869
3.29996589355
3.26351127475
3.22569419157
3.18658226842
3.14624453603
3.10475121176
3.06217348002
3.01858327392
2.97405305897
2.92865561994
2.88246385158
2.83555055431
2.78798823537
2.73984891651
2.6912039486
2.6421238341
2.5926780576
2.54293492536
2.49296141385
2.44282302804
2.3925836695
2.34230551466
2.29204890343
2.24187223823
2.19183189346
2.14198213562
2.09237505368
2.04306049989
1.99408604073
1.94549691779
1.89733601833
1.84964385528
1.80245855628
1.75581586147
1.70974912951
1.66428936292
1.61946517295
1.5753029211
1.53182664107
1.48905813632
1.44701701545
1.40572074388
1.36518470027
1.32542223695
1.28644474408
1.24826171699
1.21088082619
1.17430798973
1.13854744739
1.1036018363
1.06947226763
1.03615840395
1.00365853686
0.971969664663
0.941087569663
0.911006894858
0.881721219724
