16.4261661703
16.3809004682
16.2478812584
16.034753145
15.7522556441
15.4120583048
15.0250192325
14.6003041843
14.1454205362
13.6667741795
13.170261089
12.6615616619
12.1460766842
11.6286794242
11.1135097909
10.6039470792
10.1027340981
9.61215323199
9.13413201789
8.67026806495
8.22180232349
7.78961524849
7.37426788071
6.97607927791
6.59520019511
6.23164435456
5.88529329557
5.55589668521
5.24308589873
4.94640799318
4.66535979994
4.39941226487
4.14801286178
3.9105824467
3.68651616024
3.47519908132
3.27601717862
3.08837429534
2.91169143579
2.74540205374
2.58894854205
2.44178645567
2.30339155792
2.17326514155
2.05093525993
1.93595182018
1.82788266186
1.72631260345
1.63084725595
1.54111560205
1.45677052622
1.3774857635
1.30295109073
1.23287211927
1.16696866097
1.1049810034
1.0466659337
