43.0428478818
42.8860459436
42.4186936505
41.6498669087
40.594419822
39.2725476339
37.7092677804
35.9337401829
33.9784556849
31.8783682672
29.6700452835
27.3906652354
25.0771286181
22.7651615078
20.4884945908
18.2781211642
16.1616702541
14.1628988847
12.3013185142
10.5919650937
9.04530724343
7.66730134994
6.45956195755
5.41966687577
4.54155348372
3.81600195498
3.2311789051
2.77322207609
2.42684510651
2.17593347654
2.00412387655
1.89533310583
1.83423554586
1.80666623212
1.79994857453
1.80313108937
1.80714489098
1.80487039404
1.79112548945
1.76258412239
1.71762689783
1.65614458248
1.57930008357
1.48927134568
1.38897603225
1.28179968289
1.17133690676
1.06115816202
0.954600032015
0.854599855741
0.763568049931
0.683302296191
0.614945017663
0.558982550779
0.515274898335
0.483122399036
0.461352941933
