18.9614935747
18.7910387317
18.3367612686
17.7318919728
17.1032965777
16.5098928637
15.9417477322
15.3642703586
14.7603093767
14.1389848485
13.518142292
12.907224338
12.3061256498
11.7139282168
11.1340288042
10.5714689011
10.028636459
9.50514246563
9.00067891183
8.51641612896
8.05368617745
7.6124822343
7.19185034639
6.79119317922
6.4105764726
6.04989683352
5.70834970879
5.38487570964
5.0787839849
4.78968734817
4.51699169318
4.25974610426
4.01702584628
3.7882038602
3.57276767024
3.37002456207
3.17913592868
2.99938336744
2.83025346915
2.67125019146
2.52174241139
2.38107385834
2.24872434767
2.12429311452
2.00734657051
1.89737216546
1.79388902337
1.69653294821
1.60499664412
1.51892278038
1.4379201037
1.36165123721
1.28986635514
1.2223279384
1.1587512
1.09884953354
1.0423965589
