8.03128562755
8.02598434079
8.0101054366
7.98372356223
7.94696239588
7.89999355635
7.84303509737
7.7763496069
7.70024193685
7.61505659336
7.52117482193
7.41901142499
7.30901135271
7.19164610941
7.0674100199
6.93681640013
6.80039367688
6.65868150027
6.51222689123
6.36158046436
6.20729276369
6.0499107459
5.88997444207
5.72801382531
5.56454590733
5.40007208323
5.23507573932
5.07002013452
4.90534656212
4.74147279431
4.5787918084
4.41767079023
4.25845040692
4.10144433846
3.9469390551
3.79519382552
3.64644093897
3.50088612329
3.35870913995
3.2200645363
3.08508253531
2.95387004308
2.8265117544
2.70307133777
2.58359268146
2.46810118368
2.35660507066
2.24909672788
2.14555403075
2.04594166272
1.95021240979
1.85830842204
1.77016243399
1.68569893695
1.6048352979
1.52748282021
1.45354774325
