6.02983515484
6.0266937014
6.01728158307
6.00163543199
5.97981599
5.9519076451
5.91801779047
5.8782760139
5.83283312729
5.78186004812
5.72554654584
5.664099868
5.59774326188
5.52671440821
5.45126378439
5.37165297481
5.28815294593
5.20104230384
5.11060555118
5.01713136022
4.9209108774
4.82223607412
4.72139815711
4.6186860504
4.51438495962
4.40877502762
4.30213008924
4.19471653112
4.08679257815
3.97860579059
3.87039543064
3.76238860329
3.65480126587
3.54783744691
3.44168889007
3.33653480203
3.23254169934
3.12986334873
3.02864079454
2.92900246671
2.83106436262
2.73493029538
2.64069220171
2.54843050197
2.45821450546
2.37010285403
2.28414399731
2.20037669315
2.11883052739
2.03952644712
1.96247730227
1.88768839072
1.81515800245
1.74487795878
1.67683414325
1.61100702094
1.54737214361
