331.701742513
324.785701481
304.753776351
273.651313458
234.559872997
191.166819981
147.267413446
106.283249232
70.8718706363
42.6819045825
22.2812609496
9.25276434792
2.42294296272
0.170778731253
0.753609179996
2.59336929482
4.47938108039
5.66668229944
5.87063218236
5.17863555867
3.91249003903
2.47837560537
1.23837922929
0.425584813687
0.112163712597
0.225465923466
0.598208002462
1.03257575843
1.35944453891
1.47823719664
1.37074962613
1.09008673335
0.732143625747
0.400425714596
0.174814743732
0.0924124698097
0.143584948222
0.282008953731
0.443741725439
0.568372806503
0.616222451762
0.576860588354
0.468029691874
0.326470019855
0.194294904512
0.105773162574
0.0779549967622
0.107729896715
0.175236332384
0.251751282864
0.309508242747
0.32985699641
0.307885205793
0.252381145172
0.181616021831
0.116749043526
0.0750031769925
