4281.65279646
3289.7096121
1370.89911041
190.970337212
8.25896957538
74.6619265285
30.6087208217
0.261408915759
16.25661792
10.557445338
0.00627325930686
5.50874529831
4.97758446524
0.0765685706645
2.3014243496
2.7651210389
0.12874990303
1.07297314319
1.6950228073
0.155647487708
0.534781378772
1.11132807829
0.169413163853
0.271811267402
0.758290110263
0.170175764513
0.139602855511
0.531485075798
0.161121490546
0.0676991153632
0.380583994238
0.153870098526
0.0352052086039
0.275625669863
0.144260102674
0.0142167671863
0.201099549407
0.131497386782
0.00678796663704
0.148006368059
0.119429532786
0.00430949795684
0.107866345539
0.107989953866
0.00454510342418
0.0769238924941
0.0962200167274
0.00749293949311
0.0570032141721
0.0870723639592
0.0125646928059
0.0388535601943
0.0750487929038
0.0130527914181
0.0280117708209
0.0666936391854
0.016946481651
