5.17886498048
5.17684344709
5.17078418446
5.16070317973
5.14662699351
5.12859263349
5.10664737882
5.08084855637
5.05126327062
5.01796808886
4.98104868407
4.94059943786
4.8967230062
4.84952985097
4.79913774045
4.74567122203
4.68926107079
4.63004371744
4.56816065924
4.50375785787
4.43698512776
4.36799551879
4.29694469697
4.22399032685
4.14929145902
4.07300792631
3.9952997518
3.9163265718
3.8362470767
3.7552184723
3.67339596423
3.59093226749
3.50797714331
3.4246769648
3.34117431312
3.25760760511
3.17411075358
3.09081286067
3.00783794496
2.92530470233
2.84332630066
2.76201020787
2.68145805313
2.60176552025
2.52302227251
2.4453119738
2.36871194337
2.29329382732
2.2191229779
2.14625884662
2.07475500491
2.00465925229
1.9360137442
1.8688551379
1.80321475445
1.73911875516
1.67658833054
