736.513882256
736.209716398
735.298172232
733.782104017
731.666249021
728.957197987
725.663354209
721.794881632
717.363642492
712.383125123
706.868362647
700.835843331
694.303413475
687.290173759
679.816370004
671.903279342
663.573092815
654.848795418
645.754044608
636.313048255
626.550443019
616.491174071
606.160377029
595.583262937
584.785007022
573.790641944
562.624956116
551.312397646
539.876984351
528.342220207
516.731018543
505.065632179
493.367590661
481.657644653
469.955717486
458.2808638
446.651235159
435.084052456
423.59558489
412.201135243
400.91503116
389.750622102
378.720281607
367.835414497
357.10646863
346.542950817
336.153446485
325.945642704
315.926354175
306.101551792
296.476393406
287.055256427
277.841771913
268.838859835
260.04876518
251.473094629
243.112853531
234.968482925
227.039896388
219.3265165
211.827310757
204.540826753
197.465226502
190.59831977
183.937596327
177.480257006
171.223243534
165.163276378
159.296845451
153.62028935
148.129785034
142.821379333
137.691010593
132.734528961
127.947715317
123.32629888
