7.30926833737
7.30487914895
7.29173043987
7.26987862577
7.23941722476
7.2004761022
7.15322042663
7.09784934977
7.0345944269
6.96371779692
6.88551014401
6.80028846541
6.7083936714
6.61018804535
6.50605259271
6.39638430827
6.2815933914
6.16210043853
6.03833364161
5.91072601993
5.77971271159
5.64572834892
5.50920454013
5.37056747739
5.23023568885
5.08861794978
4.94611136521
4.80309963387
4.65995150052
4.51701940111
4.3746383029
4.23312473903
4.09277603495
3.95386972216
3.8166631327
3.68139316642
3.54827622138
3.41750827707
3.28926511858
3.16370268979
3.04095756259
2.92114750948
2.80437216613
2.69071377126
2.58023797089
2.47299467487
2.36901895376
2.26833196489
2.1709418973
2.07684492562
1.98602616427
1.89846061373
1.81411409176
1.7329441433
1.65490092352
1.57992804928
1.50796341529
