9.57148980693
9.56366571578
9.54024007944
9.50135227687
9.44723284157
9.37820084733
9.29466035732
9.1970957356
9.08606654994
8.96220134356
8.82619090432
8.6787808866
8.52076433999
8.3529735762
8.17627205677
7.99154619316
7.79969773935
7.60163371398
7.39826193618
7.19048155963
6.97917676363
6.76521041978
6.54941833486
6.33260411239
6.11553466254
5.89893637739
5.68349197625
5.46983801479
5.2585630414
5.05020637517
4.84525747221
4.64415584051
4.44729145853
4.25500564887
4.06759235588
3.88529977483
3.70833228004
3.53685259987
3.37098418863
3.21081374714
3.05639384713
2.90774561784
2.76486145667
2.62770773018
2.49622743523
2.37034279446
2.24995776406
2.13496043586
2.02522531918
1.92061549141
1.82098460948
1.72617877708
1.63603826522
1.55039908576
1.46909441964
1.3919559031
1.31881477648
