3.13654401928
3.13578137549
3.13349472293
3.12968789414
3.12436726356
3.11754172802
3.10922267941
3.09942396988
3.08816186956
3.07545501707
3.06132436307
3.04579310702
3.02888662754
3.01063240661
2.99105994795
2.97020069005
2.94808791405
2.92475664705
2.90024356118
2.87458686888
2.8478262148
2.82000256492
2.79115809314
2.76133606595
2.73058072565
2.69893717248
2.66645124624
2.63316940778
2.59913862084
2.56440623469
2.52901986792
2.49302729388
2.45647632817
2.41941471838
2.38189003673
2.34394957565
2.3056402468
2.26700848373
2.22810014851
2.18896044247
2.14963382136
2.11016391509
2.07059345215
2.03096418893
1.99131684399
1.95169103743
1.91212523529
1.87265669916
1.83332144094
1.7941541827
1.7551883217
1.71645590043
1.67798758157
1.63981262797
1.60195888721
1.56445278094
1.52731929864
1.49058199572
1.45426299579
1.41838299693
1.38296128167
1.34801573071
1.31356283988
1.27961774036
1.24619422186
1.21330475854
1.18096053748
1.14917148943
1.11794632168
1.08729255285
1.0572165493
1.02772356303
0.99881777082
0.970502314492
0.942779341959
0.915650049028
