4.63278859782
4.63105108392
4.62584317989
4.61717877544
4.60508094263
4.58958182025
4.57072245328
4.54855258856
4.52313042826
4.49452234316
4.46280254763
4.42805273907
4.39036170431
4.34982489585
4.30654398124
4.26062636858
4.21218471172
4.16133639858
4.10820302596
4.05290986469
3.99558531833
3.93636037913
3.87536808465
3.81274297826
3.74862057689
3.68313684894
3.61642770529
3.54862850608
3.47987358583
3.41029579896
3.34002608791
3.26919307556
3.19792268348
3.12633777726
3.05455784001
2.98269867473
2.91087213611
2.83918589207
2.76774321504
2.6966428029
2.62597862915
2.55583982185
2.48631057044
2.41747005978
2.34939243017
2.28214676231
2.21579708595
2.15040241071
2.08601677794
2.02268933177
1.96046440809
1.89938163983
1.83947607686
1.7807783191
1.72331466114
1.66710724699
1.61217423332
