585.385628189
585.197428735
584.633281693
583.694538893
582.383446316
580.70313355
578.657599135
576.251691911
573.491088512
570.382267163
566.93247799
563.149710039
559.042655259
554.620669705
549.893732229
544.872400951
539.567767812
533.991411518
528.155349175
522.071986945
515.754070032
509.2146323
502.466945837
495.52447076
488.400805541
481.109638121
473.66469809
466.079710141
458.368349048
450.544196357
442.620698968
434.611129792
426.528550588
418.385777134
410.195346811
401.969488671
393.720096063
385.458701839
377.196456157
368.944106879
360.711982552
352.509977924
344.347541949
336.23366822
328.176887744
320.185263984
312.266390049
304.427387954
296.674909812
289.015140856
281.453804157
273.996166925
266.647048256
259.410828199
252.291458019
245.292471526
238.416997347
231.667772023
225.047153803
218.557137036
212.199367036
205.975155334
199.885495195
193.931077339
188.112305739
182.429313459
176.881978413
171.46993902
166.192609651
161.049195843
156.038709216
151.159982043
146.411681444
141.792323166
137.300284916
132.93381923
