601.946423334
601.751346476
601.166579877
600.193513333
598.834456066
597.092626135
594.972135708
592.477972309
589.615976184
586.392813934
582.815948611
578.893606482
574.634740708
570.048992168
565.146647713
559.938596131
554.436282104
548.651658483
542.59713716
536.285538876
529.730042258
522.944132402
515.94154931
508.736236465
501.342289848
493.773907663
486.045341025
478.170845883
470.16463637
462.040839834
453.8134537
445.496304371
437.103008294
428.646935335
420.14117457
411.59850258
403.031354306
394.451796536
385.871504032
377.301738302
368.753329031
360.236658119
351.7616463
343.337742276
334.973914307
326.678644159
318.459923332
310.325251459
302.281636766
294.335598477
286.493171045
278.75991008
271.140899842
263.640762181
256.263666778
249.013342564
241.893090192
234.905795429
228.053943338
221.339633154
214.764593702
208.330199282
202.037485893
195.887167695
189.879653635
184.015064118
178.293247675
172.71379752
167.27606795
161.979190511
156.82208988
151.803499409
146.921976283
142.175916261
137.56356796
133.083046645
