186.626245556
184.576546252
178.539593918
168.843239627
156.006153892
140.69875152
123.693637169
105.809946015
87.8563753493
70.5778556702
54.610196936
40.4461106423
28.4147654968
18.6759675075
11.2280033335
5.92795313628
2.52097880069
0.675724026888
0.0216717634036
0.184908920038
0.819408156257
1.63116348182
2.39376226792
2.95525031612
3.23646293502
3.22249006264
2.94892299936
2.48529072566
1.91787058542
1.33395774468
0.808910176223
0.397524389287
0.129575164975
0.00971210345718
0.0208231245092
0.129994288448
0.295742994077
0.475400301393
0.631522766745
0.736632168513
0.775841018412
0.747202622467
0.660143832928
0.532409277052
0.386164527825
0.243930805542
0.125016918997
0.0428771275733
0.00369822129886
0.00627711206245
0.0430636967014
0.102077040533
0.169267583156
0.230992791902
0.276103494323
0.29744774481
0.292595734804
