4.91520670809
4.91328340169
4.90751877143
4.89792865694
4.88453936758
4.86738754804
4.84651999175
4.8219934034
4.79387411253
4.7622377403
4.72716882207
4.68876038858
4.64711350896
4.6023367989
4.55454589773
4.50386291805
4.45041587205
4.39433807843
4.33576755418
4.2748463953
4.21172015056
4.14653719259
4.07944809007
4.01060498513
3.94016097953
3.86826953338
3.79508387954
3.72075645707
3.64543836639
3.56927884896
3.49242479372
3.41502027233
3.33720610505
3.25911945862
3.1808934774
3.10265694856
3.02453400187
2.94664384453
2.86910053089
2.79201276689
2.7154837488
2.63961103552
2.56448645346
2.49019603303
2.41681997539
2.34443264808
2.273102608
2.20289265008
2.13385987987
2.0660559729
1.9995266432
1.93431272907
1.87044952261
1.80796786837
1.7468931851
1.6872464142
1.62904403056
