5.33573991122
5.33351804589
5.32685885616
5.31578152679
5.30031791941
5.28051240402
5.25642162492
5.22811420305
5.19567037703
5.15918158567
5.11874999541
5.07448797613
5.02651752961
4.97496967481
4.9199837948
4.86170695009
4.80029316345
4.73590268146
4.66870121806
4.59885918534
4.5265509169
4.45195388899
4.37524794455
4.296614525
4.21623591463
4.134294502
4.05097206266
3.96644906698
3.88090401687
3.79451281447
3.7074481658
3.61987902184
3.53197005914
3.44388120172
3.35576718562
3.26777716701
3.18005437449
3.0927358058
3.00595196879
2.91982666627
2.83447682384
2.75001235991
2.66653609629
2.58414370808
2.502923711
2.42295748418
2.34431932647
2.26707654393
2.19128956629
2.11701208993
2.04429124498
1.97316778414
1.90367629064
1.83584540302
1.76969805433
1.7052517233
1.6425186954
