45.6171474857
45.1582483132
43.8175578583
41.6985826541
38.9598594256
35.7960639847
32.4157889133
29.0190260394
25.7775494486
22.8206676945
20.2278867732
18.0287561218
16.2091926779
14.7224460313
13.5026007839
12.4780675882
11.5831115058
10.7658937363
9.99241208983
9.24642375886
8.52628494566
7.83982308537
7.19871048703
6.61350085534
6.0902227257
5.62888921573
5.22381931705
4.8653585757
4.54226177628
4.24408740059
3.96300024526
3.69465436131
3.43811082649
3.19496099872
2.96801057866
2.75989782458
2.57205053608
2.40413451619
2.25408921656
2.11864342286
1.99408970385
1.87709930669
1.76534089116
1.65776509617
1.55452671147
1.45660751964
1.36529095954
1.28161179764
1.2059816367
1.13801706435
1.07663631251
1.02032153012
0.967506780011
0.916916704337
0.867816338059
0.820080272498
0.774091898623
