6.99664691299
6.99268911901
6.98083157167
6.96112165625
6.93363795467
6.89848965985
6.85581576522
6.8057840386
6.74858979197
6.68445446099
6.61362401
6.53636718003
6.45297359879
6.36375177287
6.26902698318
6.16913910543
6.06444037739
5.9552931352
5.84206754014
5.72513931703
5.60488752457
5.48169237669
5.35593313279
5.22798607343
5.09822257603
4.9670073039
4.83469651956
4.70163653193
4.56816228464
4.4345960911
4.30124651989
4.16840743239
4.03635717276
3.90535790859
3.77565511947
3.64747722887
3.52103537372
3.39652330512
3.27411741248
3.1539768627
3.03624384548
2.92104391532
2.80848642054
2.69866500943
2.59165820361
2.48753002902
2.3863306946
2.28809730986
2.19285463201
2.1006158345
2.01138328905
1.92514935364
1.8418971599
1.76160139367
1.68422906325
1.60974025036
1.53808883975
