947.788297103
947.247711494
945.628456453
942.938012472
939.188764619
934.397880429
928.587141966
921.782734933
914.014998439
905.31813958
895.729917484
885.291301837
874.046111116
862.040635904
849.32325261
835.944032855
821.954353532
807.406512264
792.353352608
776.847902929
760.943032386
744.691126988
728.143788142
711.35155563
694.363656427
677.227780306
659.9898827
642.694014914
625.382181346
608.094223098
590.867727018
573.737959012
556.737820231
539.897824595
523.246096013
506.808383551
490.608092783
474.666331539
459.001968269
443.631701302
428.570137321
413.829877455
399.421609481
385.354204724
371.634818347
358.268991839
345.260756602
332.61273768
320.32625675
308.401433628
296.837285628
285.631824212
274.782148482
264.284535108
254.134524413
244.327002361
234.856278315
225.716158417
216.900014576
208.40084903
200.211354517
192.323970135
184.730932968
177.424325605
170.396119694
163.638215682
157.142478907
150.900772216
144.904985304
139.147060937
133.619018268
128.312973414
123.22115749
118.335932273
113.649803673
109.155433183
