474.078911433
473.967859577
473.634883396
473.080520522
472.30566524
471.311565839
470.099820926
468.672374711
467.03151129
465.179847946
463.120327504
460.856209765
458.391062065
455.728748998
452.87342134
449.829504236
446.601684686
443.194898389
439.614316009
435.8653289
431.953534371
427.884720533
423.664850806
419.300048127
414.796578943
410.160837039
405.399327255
400.518649175
395.52548083
390.426562474
385.228680499
379.938651546
374.563306848
369.109476877
363.583976327
357.993589495
352.345056083
346.645057479
340.900203549
335.117019961
329.301936096
323.461273549
317.601235255
311.727895266
305.847189181
299.964905256
294.086676195
288.217971636
282.364091329
276.530159019
270.721117006
264.941721416
259.196538134
253.489939414
247.826101155
242.209000804
236.642415896
231.129923197
225.674898429
220.280516561
214.949752636
209.685383118
204.489987715
199.365951674
194.315468503
189.340543094
184.442995234
179.624463449
174.886409173
170.230121212
165.656720456
161.167164837
156.762254482
152.442637052
148.208813226
144.061142318
