685.212664054
684.932214195
684.091789453
682.69415783
680.743911094
678.247432708
675.212853477
671.649995462
667.570304831
662.986774445
657.913857087
652.367370333
646.364394121
639.923162165
633.062948353
625.80394932
618.167164365
610.174273873
601.847517366
593.209572265
584.283434372
575.092301018
565.659457756
556.008169359
546.161575831
536.142594006
525.973825257
515.677469692
505.275247173
494.788325363
484.23725494
473.641912035
463.021447871
452.394245508
441.777883565
431.18910668
420.643802489
410.156984809
399.742782708
389.414435115
379.184290574
369.06381179
359.063584536
349.193330546
339.461923977
329.877411066
320.447032571
311.177248646
302.073765778
293.141565435
284.384934125
275.807494527
267.412237434
259.201554231
251.177269664
243.340674683
235.692559151
228.233244244
220.962614371
213.880148486
206.984950658
200.275779791
193.75107842
187.40900049
181.247438066
175.264046937
169.456271064
163.821365852
158.35642025
153.058377649
147.9240556
142.950164357
138.133324267
133.470082015
128.956925777
124.590299284
