398.863959384
388.725140475
359.586607344
315.058831974
260.45705733
201.904550359
145.345911388
95.6674375964
56.0832760493
27.8833044669
10.554201378
2.20502761424
0.173679304025
1.6647383677
4.28448988112
6.37889176611
7.14008620131
6.50473902368
4.91215324561
3.0092543608
1.38782572934
0.411796834808
0.15878303571
0.463582467935
1.02705033673
1.54196077367
1.79405812457
1.71155024507
1.35821614704
0.883491760731
0.453917392578
0.192145741416
0.142133930471
0.267368139097
0.477358097833
0.668118920879
0.76096110949
0.726035751488
0.585266635253
0.396580920952
0.22755589133
0.129796519431
0.12234789764
0.189269138978
0.290028085272
0.377421888171
0.415645783108
0.391836642742
0.317941068364
0.223315676383
0.141838820762
0.0987850854907
0.102592480738
0.143488611261
0.199120453492
0.244288285011
0.26045202712
