11.4428417106
11.4292846785
11.3887570108
11.3216852744
11.2287682306
11.110959282
10.9694432446
10.8056085985
10.6210164732
10.4173678545
10.1964688971
9.96019874397
9.71047638096
9.44923062204
9.17837249869
8.89977069924
8.61523031775
8.32647502565
8.03513265502
7.74272408163
7.45065521634
7.16021185559
6.87255710169
6.58873104187
6.30965236708
6.03612161577
5.76882574039
5.50834355807
5.25515276294
5.00963591079
4.77208832919
4.54272539422
4.32168998144
4.10905980623
3.90485455291
3.70904282275
3.52154818074
3.34225592632
3.17101831603
3.00765992152
2.85198243228
2.7037690218
2.56278828766
2.42879778091
2.30154714445
2.18078088272
2.06624078652
1.95766803847
1.85480502442
1.75739687636
1.66519277157
1.57794701213
1.4954199073
1.41737848049
1.34359702099
1.27385749901
1.20794986142
