25.3322484059
11.2842348381
10.6387890764
10.4210832068
10.2119272916
9.98531779501
9.74260278512
9.48813727617
9.22506258422
8.95670913025
8.6847701513
8.4110210033
8.13675406299
7.8634762037
7.59206681189
7.32342064809
7.05853804479
6.79804958603
6.54252049634
6.29251442355
6.04849251347
5.81066658822
5.5793579079
5.35492837511
5.13723265324
4.92652771838
4.72285146263
4.52612723912
4.33637118841
4.15351868673
3.97743035036
3.80810143703
3.64532603411
3.4889303932
3.33878491275
3.19481920227
3.0567539942
2.92443190545
2.79770243876
2.67630373167
2.56015062999
2.44903499769
2.34272977859
2.24107131007
2.14388170526
2.0510484791
1.962287875
1.87752165705
1.79650498163
1.71914999848
1.64529186284
1.57475714406
1.50741358927
1.44311153298
1.38171718983
1.32313594552
1.26720116736
