5.33579727831
5.33352931908
5.32673221431
5.31542624513
5.29964508822
5.2794356292
5.25485770347
5.2259837669
5.1928984989
5.15569834144
5.11449097754
5.06939475387
5.02053805181
4.96805861231
4.91210281983
4.85282495093
4.79038639342
4.72495484207
4.65670347664
4.5858101286
4.51245644221
4.43682703597
4.35910867012
4.27948942558
4.19815789964
4.1153024232
4.03111030427
3.94576710169
3.85945593316
3.77235682062
3.68464607618
3.59649573093
3.50807300865
3.41953984616
3.33105246119
3.24276096877
3.15480904615
3.06733364629
2.9804647594
2.89432522164
2.80903056985
2.7246889408
2.6414010132
2.55925999061
2.47835162291
2.39875426415
2.32053896413
2.24376959129
2.1685029841
2.09478912838
2.02267135766
1.95218657403
1.88336548666
1.81623286542
1.75080780705
1.68710401129
1.62513006479
