4.38064575118
4.3791720068
4.37475417479
4.36740244422
4.35713374916
4.34397169748
4.32794647177
4.30909470299
4.28745931773
4.26308935995
4.2360397884
4.20637125081
4.17414983646
4.13944680847
4.10233831751
4.06290509862
4.02123215295
3.97740841631
3.93152641639
3.88368192075
3.83397357734
3.78250254977
3.7293721492
3.67468746482
3.61855499488
3.56108228015
3.50237754158
3.44254932405
3.38170614764
3.31995616829
3.25740684905
3.19416464342
3.13033469208
3.06602053399
3.00132383293
2.93634412043
2.87117855568
2.80592170318
2.74066532846
2.67549821247
2.61050598449
2.54577114643
2.48137225867
2.41738484994
2.35388046431
2.29092749203
2.22859001397
2.16692849135
2.10599956226
2.0458560353
1.98654689847
1.92811734247
1.87060879772
1.81405898415
1.75850197287
1.70396825886
1.65048484371
