4.96473805246
4.96281958875
4.95706932475
4.9475026167
4.93414497455
4.91703193699
4.89620889779
4.87173088464
4.84366229231
4.81207657187
4.7770558784
4.73869067961
4.69707932829
4.65232760147
4.60454820976
4.55386028
4.50038881509
4.44426413436
4.38562129843
4.32459952223
4.26134158002
4.1959932061
4.12870249494
4.05961930441
3.98889466542
3.91668020156
3.8431275617
3.76838786867
3.69261118681
3.61594601089
3.5385387787
3.4605334095
3.38207086999
3.30328876947
3.2243209854
3.14529732035
3.06634319122
2.98757935102
2.90912164368
2.83108079165
2.75356221625
2.67666589026
2.60048622201
2.52511197027
2.45062618885
2.37710619973
2.30462359353
2.2332442557
2.16302841718
2.09403072769
2.02630035012
1.9598810743
1.89481144839
1.83112492611
1.76885002812
1.70801051577
1.64862557557
