79.8303267118
79.448496905
78.3121251321
76.4482597972
73.900978644
70.7299262507
67.0083502965
62.8207107515
58.2599518789
53.4245992462
48.4156226415
43.3334665152
38.2750743531
33.3311829323
28.5839444394
24.1048984774
19.9534760189
16.1759161063
12.8047354996
9.85872832966
7.34340812472
5.25191853308
3.56632088673
2.25917510395
1.29536623549
0.634068413354
0.230755090888
0.0391696658585
0.013202992034
0.108565203043
0.284240737034
0.503663055974
0.735562967397
0.954528228557
1.14121817618
1.28232969397
1.37026829179
1.40257957309
1.3812580925
1.31188601339
1.20273205222
1.06379581789
0.905955322764
0.740105255134
0.576440430849
0.423905492302
0.289729240594
0.179176728437
0.0954280457174
0.0396006223245
0.0109052896935
0.00690463728166
0.0238528769375
0.057074037709
0.101370341061
0.1514101735
0.202102824048
