545.187914764
545.034083806
544.572900056
543.805289716
542.732792564
541.357556133
539.682327618
537.71044355
535.445817287
532.892924424
530.056786166
526.942950798
523.557473324
519.906893417
515.998211782
511.838865076
507.436699518
502.799943332
497.937178173
492.85730968
487.569537321
482.083323674
476.408363301
470.554551377
464.531952209
458.350767813
452.02130668
445.553952879
438.959135625
432.247299446
425.428875071
418.514251144
411.513746883
404.43758577
397.295870362
390.098558306
382.855439628
375.576115349
368.269977485
360.946190469
353.613674026
346.28108753
338.956815843
331.648956655
324.365309312
317.113365122
309.900299124
302.732963291
295.61788113
288.561243647
281.568906636
274.646389226
267.798873654
261.031206193
254.347899179
247.753134075
241.250765503
234.844326183
228.537032708
222.331792085
216.231208981
210.237593591
204.35297008
198.579085518
192.917419246
187.369192618
181.935379042
176.616714275
171.413706914
166.326649017
161.355626816
156.500531469
151.761069801
147.136775002
142.627017228
138.231014085
