5.9276544051
5.92486510996
5.91650641135
5.90260581345
5.88320897006
5.85837940644
5.82819813373
5.79276315919
5.75218889699
5.70660548476
5.65615801223
5.60100566877
5.54132081754
5.47728800432
5.40910290954
5.33697125274
5.26110765836
5.18173449248
5.09908067973
5.0133805099
4.92487244332
4.83379792401
4.74040020917
4.64492322327
4.54761044429
4.44870382947
4.34844278679
4.24706319834
4.14479650049
4.04186882554
3.93850020838
3.83490386117
3.73128551845
3.6278428539
3.52476496981
3.4222319593
3.32041454076
3.21947376346
3.11956078265
3.02081670195
2.92337248051
2.82734890177
2.7328566422
2.63999614518
2.54885816938
2.45952355229
2.37206363993
2.28654050541
2.20300724304
2.1215082921
2.0420797862
1.96474992389
1.88953935674
1.81646159094
1.74552339874
1.67672523633
1.61006166498
