3.79222795412
3.79113527884
3.7878593992
3.7824067461
3.77478801222
3.76501811388
3.75311613803
3.73910527444
3.72301273369
3.70486965123
3.68471097803
3.66257535846
3.63850499605
3.61254550767
3.5847457671
3.55515773859
3.52383630141
3.49083906618
3.45622618389
3.42006014866
3.38240559498
3.34332909069
3.30289892643
3.26118490261
3.21825811504
3.17419073987
3.12905581909
3.08292704732
3.03587856085
2.98798472985
2.93931995446
2.88995846565
2.83997413151
2.78944026975
2.73842946699
2.68701340541
2.6352626974
2.58324672854
2.53103350949
2.47868953692
2.42627966414
2.37386698121
2.32151270517
2.26927608017
2.21721428777
2.16538236735
2.11383314658
2.06261718194
2.01178270906
1.96137560278
1.91143934666
1.86201501173
1.81314124413
1.76485426136
1.71718785675
1.67017341184
1.62383991612
