4.65825746391
4.65666282777
4.65188255661
4.6439275474
4.63281591246
4.61857290581
4.6012308207
4.58083098951
4.55741494652
4.53103748226
4.50175747239
4.46963981998
4.43475537422
4.39718089171
4.35699790603
4.31429312478
4.26915789512
4.22168785718
4.17198258505
4.12014502031
4.06628188769
4.0105021122
3.95291710895
3.8936407115
3.83278762152
3.77047532025
3.70682005194
3.64193992847
3.57595286797
3.50897667702
3.44113846657
3.37253066977
3.30328134726
3.23348924929
3.16329440407
3.09280546699
3.02210028943
2.95108936537
2.88029257437
2.80979067213
2.73928632189
2.66909585079
2.59925104925
2.52985681093
2.46100428001
2.39276298637
2.32520382399
2.25839482316
2.19239886294
2.12727478226
2.06307729
1.99985691861
1.93766005361
1.87652897781
1.81650192899
1.75761323425
1.69989486805
