45.037633566
44.8607118999
44.3336727347
43.4676516758
42.2807720438
40.797669026
39.0487095353
37.0691482824
34.8980725107
32.5772475205
30.1500330757
27.6600678603
25.1502243644
22.6614273709
20.2316781388
17.8951894819
15.6816646208
13.6157565665
11.7167119061
9.99820436497
8.46835434036
7.12992602559
5.98067997716
5.01387316515
4.21886555785
3.58180945619
3.08639858102
2.71463690347
2.44759854723
2.26615797285
2.15165242208
2.08647400117
2.05455476029
2.04174775714
2.03609732596
2.0279874675
2.0101854057
1.97778165956
1.92803567331
1.86015275799
1.77499935034
1.67477898344
1.56269013103
1.44257596548
1.31859355405
1.19490714128
1.0754201143
0.963559387488
0.862110925185
0.773112556232
0.697802680927
0.636621518381
0.589260611656
0.554747908054
0.531569172357
0.517802296489
0.5112704924
