5.67689788737
5.67445326137
5.66712652384
5.65493905852
5.63792637946
5.61613794382
5.58963689191
5.55849971631
5.52281586295
5.48268726696
5.43822782703
5.38956282231
5.33682827623
5.28017027201
5.21974422511
5.15571411776
5.08825170142
5.01753567262
4.94375082821
4.86708720578
4.78773921519
4.70590476684
4.62178440259
4.53558043463
4.44749609774
4.35773471988
4.26649891599
4.17398980934
4.08040628459
3.98594427617
3.89079609542
3.79514979928
3.69918860304
3.60309033923
3.50702696416
3.41116411348
3.31566070732
3.22066860552
3.1263323129
3.03278873405
2.94016697712
2.84858820521
2.75816553433
2.66900397594
2.58120042239
2.49484367309
2.41001449896
2.32678574296
2.24522245386
2.16538205074
2.08731451535
2.01106260967
1.93666211576
1.86414209514
1.79352516501
1.72482778853
1.65806057657
