1290.90056234
1195.01260172
942.067987689
618.876295765
322.582944622
118.655346682
20.8478562756
0.113739769488
11.7968205916
22.0622181054
19.3539232683
9.22720507752
1.44981513288
0.294291592069
3.17839770164
5.30291309394
4.42239206835
1.85765659435
0.136168288068
0.330274741064
1.49030613046
2.06624232457
1.49955004471
0.484843525725
0.00210824622371
0.308489014639
0.853231247968
0.982060562785
0.593981376277
0.125772509944
0.0151751770405
0.268518782884
0.532821304395
0.510391856756
0.2460836057
0.023908536715
0.0419777838024
0.226099829898
0.346440890908
0.274615952986
0.0985189867962
0.00116279988401
0.0607059854065
0.184648269224
0.22751500916
0.147089828645
0.0346172672539
0.0034556837479
0.069789910569
0.146934074466
0.147908338792
0.0752873837255
0.00844192364582
0.012167171837
0.0710082982423
0.113890645578
0.09414333888
