494.907806283
494.78516964
494.417471141
493.805344403
492.949843214
491.852438179
490.515012053
488.939853777
487.129651244
485.087482838
482.816807777
480.321455315
477.605612841
474.67381295
471.530919526
468.182112917
464.632874258
460.888969028
456.956429901
452.841538973
448.550809449
444.090966861
439.468929908
434.691790981
429.766796485
424.701327008
419.502877432
414.17903707
408.73746989
403.18589492
397.532066886
391.783757175
385.948735166
380.034750013
374.049512928
368.000680014
361.895835722
355.742476948
349.54799784
343.319675334
337.064655464
330.78994047
324.502376727
318.20864352
311.915242674
305.628489053
299.35450193
293.099197242
286.868280711
280.667241836
274.501348747
268.375643898
262.294940593
256.263820322
250.286630881
244.367485257
238.510261242
232.71860176
226.995915859
221.345380348
215.769942044
210.272320581
204.855011763
199.520291407
194.270219656
189.106645706
184.031212926
179.045364324
174.150348323
169.347224821
164.636871478
160.019990224
155.497113928
151.068613211
146.734703366
142.495451359
