6.3802590586
6.37687512203
6.36673630871
6.34988151248
6.3263752398
6.29630713868
6.25979134664
6.21696566524
6.1679905704
6.11304806954
6.05234041826
5.98608871064
5.91453135822
5.83792247394
5.75653017797
5.67063484251
5.58052729343
5.48650698595
5.38888017188
5.28795807504
5.18405509102
5.0774870265
4.96856939231
4.85761576328
4.74493621656
4.63083585881
4.51561345107
4.39956013875
4.28295829272
4.16608046569
4.04918846704
3.93253255743
3.8163507635
3.7008683114
3.5862971771
3.47283574986
3.3606686049
3.24996637988
3.14088574957
3.03356949224
2.92814664092
2.82473271233
2.7234300061
2.62432796672
2.52750360055
2.43302194062
2.34093655163
2.25129006818
2.1641147593
2.07943311288
1.99725843377
1.91759544986
1.84044092099
1.76578424569
1.69360806152
1.62388883514
1.55659743856
