70.1049010778
69.8109524503
68.935260985
67.4961096751
65.5233656423
63.057651158
60.1491061822
56.8559988287
53.2430259302
49.3795749177
45.3377408736
41.190424477
37.0094215698
32.8636096873
28.8172713133
24.9286393244
21.2486646336
17.8200803381
14.6767268504
11.8432009625
9.33481871085
7.15782708143
5.3099399259
3.78106146903
2.55423730893
1.60673850841
0.911268390247
0.437228542553
0.151977702514
0.0220737504263
0.0144256920913
0.097332273352
0.241383747555
0.420179885196
0.610883110731
0.794576870776
0.956453388911
1.08577887206
1.17576527551
1.22325208264
1.22829007856
1.19364394268
1.12422908496
1.02652645305
0.908004146316
0.776552813801
0.639983543267
0.505580107322
0.379756122729
0.267766022762
0.173545639705
0.0996320841041
0.0471438487169
0.0158965787383
0.00451943097301
0.0106701660269
0.0312587850498
