8.5814466127
8.57531483986
8.55695100549
8.52644925608
8.483965487
8.42971583538
8.36397460183
8.28707163182
8.19938919546
8.10135841104
7.99345526389
7.87619627715
7.75013389448
7.61585163804
7.47395910603
7.32508687466
7.16988136863
7.00899976218
6.84310496996
6.67286078302
6.49892720097
6.32195600569
6.14258661658
5.96144226115
5.77912648829
5.59622004528
5.41327813326
5.23082804957
5.04936721946
4.86936161425
4.69124454771
4.51541583809
4.34224131895
4.17205267874
4.00514760601
3.84179021522
3.6822117261
3.52661136884
3.37515748658
3.2279888067
3.08521585307
2.94692247166
2.81316744381
2.68398616206
2.55939234588
2.4393797758
2.32392402678
2.21298418356
2.10650452272
2.00441614833
1.90663856989
1.81308121345
1.72364485832
1.63822299372
1.55670309133
1.4789677908
1.40489599721
