3.89933382772
3.89822200686
3.89488865315
3.88934008616
3.88158681469
3.87164350131
3.85952891289
3.84526585739
3.82888110729
3.81040531
3.78987288567
3.76732191293
3.74279463172
3.71633569104
3.68799214962
3.65781628227
3.62586236551
3.59218742995
3.55685107977
3.51991530592
3.48144429365
3.4415042256
3.40016308097
3.35712209815
3.31319996941
3.26808974787
3.22186452894
3.17459817491
3.12636511006
3.07724011811
3.0272981427
2.9766140916
2.92526264554
2.87331807217
2.8208540458
2.76794347365
2.71465832895
2.66106949156
2.60724659641
2.55325789024
2.49917009702
2.44504829217
2.39095578603
2.33695401654
2.28310245155
2.2294585005
2.1760774358
2.12301232374
2.07031396493
2.0180308441
1.96620908925
1.91489243984
1.86412222382
1.81393734336
1.76437426884
1.71546704091
1.6672472802
