3.09376389402
3.09299587457
3.09069316376
3.0868597998
3.08150249833
3.0746306304
3.0662561918
3.05639376394
3.04506046638
3.03227590133
3.01806209035
3.00244340356
2.98544648178
2.96710015186
2.94743533571
2.92648495343
2.90428382098
2.88086854297
2.85627740091
2.83055023757
2.80372833797
2.77585430747
2.74697194753
2.71712612968
2.68636266836
2.65472819288
2.6222700194
2.58903602313
2.55507451149
2.5204340985
2.48516358114
2.4493118179
2.41292761
2.37605958583
2.33875608877
2.30106506894
2.263033979
2.22470967453
2.18613831899
2.14736529375
2.10843511315
2.06939134494
2.03027653611
1.99113214437
1.95199847512
1.91291462416
1.87391842616
1.83504640865
1.79633375179
1.75781425365
1.71952030104
1.68148284563
1.64373138545
1.60629395142
1.56919709884
1.5324659037
1.4961239635
1.46019340246
1.42469488091
1.3896476086
1.35506936164
1.32097650303
1.2873841173
1.25430559891
1.22175333015
1.18973828669
1.15827004361
1.12735733909
1.09700732871
1.06722614194
1.03801879507
1.00938923296
0.981340371886
0.953874142917
0.926991535881
0.900692643611
