103.227753872
102.599590057
100.73417209
97.687916667
93.5521689356
88.4494044847
82.5280891253
75.9565520798
68.9161954298
61.5943108822
54.1768618238
46.8416137557
39.7518784583
33.0511621964
26.8589777363
21.2678744794
16.3418728612
12.1162181136
8.59845710964
5.77068226301
3.59275346764
2.00627540415
0.939058506203
0.309878311408
0.0331371591839
0.0233340402466
0.199023567952
0.486134868794
0.820557109279
1.14987011913
1.4342557149
1.64657777492
1.77176882466
1.80558926273
1.75290170377
1.62566689054
1.4407539892
1.2177783857
0.977058894631
0.737844098916
0.516876519024
0.327359072111
0.178323932445
0.0744303097368
0.0161335533434
0.000149019215384
0.0201918198935
0.0678400235474
0.133488982719
0.207273434356
0.27994064506
0.343516726122
0.391864269911
0.420974921176
0.429077601785
0.416537438595
0.385601928691
