7.93222518639
7.90557950984
7.8390371219
7.75831721938
7.67685736117
7.59033231391
7.49065573455
7.37691755927
7.2527021947
7.11997969643
6.97896686582
6.83064669935
6.67667364889
6.51808154913
6.35552248907
6.18997644813
6.02247049161
5.85368372946
5.68421768269
5.51480357641
5.34606956243
5.17845536523
5.01240707327
4.84839521888
4.68677206727
4.52780175584
4.3717683684
4.2189302166
4.06945400503
3.92347693312
3.78114712227
3.64256825995
3.50779003889
3.37685980455
3.24982287633
3.126682261
3.00741718633
2.89201456741
2.78044808621
2.67266296007
2.56859935811
2.46820398406
2.37140745684
2.2781252435
2.18827903541
2.10179086139
2.01856975983
1.93852110559
1.8615586146
1.78759259214
1.71652524298
1.64826227681
1.58271683977
1.51979587719
1.45940474417
1.40145571436
1.34586385665
1.29253978064
1.24139763216
1.1923577329
1.14533989041
1.10026296941
1.05705097859
1.01563278697
0.975935256192
0.937886910898
0.901422419637
0.86647821486
0.832989753862
0.800895823023
0.770140436874
0.740667128505
0.712420334162
0.685348825699
0.659403784228
0.634536537931
