13.0936599691
13.0725041408
13.0094974646
12.9059628779
12.7639323544
12.5859601449
12.3749572027
12.1340767723
11.8666330943
11.5760333231
11.2657043282
10.9390172749
10.5992226077
10.249404151
9.89245075329
9.53103795005
9.16761434958
8.80439123388
8.44334119059
8.08620177593
7.73448504058
7.38948971029
7.05231192276
6.72385923984
6.40486540582
6.09590643972
5.79741645853
5.50970241688
5.2329579874
4.96727711706
4.71266724463
4.46906161099
4.2363302194
4.01428957392
3.80271162931
3.60133222644
3.40985829243
3.22797487615
3.05535029825
2.89164104508
2.73649639015
2.589561816
2.45048266476
2.31890659069
2.19448552952
2.07687777241
1.96574947745
1.86077594161
1.76164247188
1.66804500029
1.57969058438
1.49629788919
1.41759713364
1.34333054001
1.27325195323
1.20712676289
1.14473175595
