4.06616387978
4.06478229715
4.06064096165
4.05375009425
4.04412667623
4.03179436899
4.01678340269
3.9991304345
3.97887837741
3.95607620101
3.93077870554
3.90304627092
3.87294458251
3.84054433557
3.80592092046
3.76915409076
3.73032761661
3.68952892546
3.64684873281
3.60238066511
3.55622087737
3.5084676678
3.45922109169
3.40858257705
3.35665454396
3.30354002982
3.24934232256
3.19416460358
3.13810960211
3.08127926282
3.02377442779
2.96569453442
2.90713733022
2.84819860546
2.78897194461
2.72954849702
2.67001676739
2.61046242638
2.55096814147
2.49161342807
2.43247452081
2.37362426469
2.31513202576
2.25706362089
2.19948126585
2.1424435413
2.08600537568
2.03021804435
1.97512918396
1.92078282126
1.86721941522
1.8144759116
1.7625858089
1.71157923465
1.66148303102
1.61232084881
1.56411324869
1.51687780881
1.47062923784
1.42537949238
1.38113789803
1.33791127319
1.29570405481
1.25451842525
1.21435443974
1.17521023586
1.13708174876
1.09996365873
1.06384869209
1.02872815339
0.994591961475
0.961428764789
0.929226053244
0.897970266501
0.86764689839
0.838240597283
