437.357159006
437.256028524
436.952806323
436.447999597
435.742451867
434.837340291
433.734171913
432.434778874
430.941312607
429.256237044
427.382320873
425.322628878
423.080512401
420.659598988
418.063781242
415.29720497
412.364256646
409.269550274
406.017913699
402.614374432
399.064145053
395.372608259
391.545301619
387.587902101
383.506210446
379.306135439
374.993678157
370.574916245
366.055988284
361.443078317
356.742400581
351.960184506
347.102660027
342.176043265
337.186522617
332.140245299
327.043304382
321.901726357
316.721459256
311.508361367
306.268195632
301.006600004
295.729106363
290.441113637
285.147884099
279.854535977
274.566036762
269.28719718
264.022665857
258.776924639
253.554284585
248.358882606
243.194678737
238.06545403
232.97480904
227.926162905
222.922752965
217.967634927
213.063683533
208.213593712
203.419882191
198.684889527
194.01078255
189.399557168
184.853041524
180.372899467
175.960634309
171.617592842
167.344969591
163.143811267
159.015021407
154.959365158
150.977474197
147.069851758
143.236877733
139.47881384
