56.3996120373
55.9836362002
54.754111528
52.7650937778
50.1027546148
46.8799198546
43.2289405986
39.2936022497
35.2205328346
31.1508709682
27.2127167217
23.5149169364
20.1425262784
17.1542158176
14.5816587081
12.4308099941
10.6848319692
9.3082938305
8.25221295218
7.45945708698
6.87004350813
6.42592774224
6.07493916064
5.77364754534
5.48905072713
5.19909402906
4.89213683716
4.56555899418
4.22377523568
3.87591740143
3.53347678973
3.20815199009
2.91007570295
2.64656748998
2.42145495008
2.23495281688
2.08401997956
1.96309174395
1.86502786596
1.78214178315
1.70715691354
1.63399740152
1.55831806396
1.47775809794
1.39190235988
1.30200324577
1.21053002059
1.12060937623
1.03546160502
0.957888928686
0.889895020312
0.83245162603
0.785439454581
0.747749516611
0.717509837996
0.692391504056
0.669959458866
