3.22539706217
3.22458370675
3.22214506297
3.21808539361
3.2124117881
3.20513413966
3.19626511357
3.1858201066
3.17381719778
3.16027709089
3.14522304877
3.12868081986
3.11067855735
3.0912467312
3.07041803363
3.04822727827
3.02471129376
2.99990881194
2.97386035141
2.94660809687
2.91819577481
2.88866852599
2.85807277551
2.82645610071
2.79386709776
2.76035524725
2.7259707795
2.69076454001
2.65478785566
2.61809240214
2.58073007307
2.54275285134
2.50421268309
2.46516135478
2.42565037372
2.38573085245
2.34545339737
2.30486800183
2.26402394408
2.22296969022
2.18175280255
2.14041985322
2.09901634375
2.0575866301
2.01617385378
1.97481987877
1.93356523452
1.89244906482
1.85150908275
1.81078153145
1.77030115079
1.73010114974
1.69021318443
1.65066734165
1.61149212773
1.57271446249
1.53435967827
1.49645152364
1.45901217167
1.42206223249
1.38562077002
1.34970532236
1.31433192594
1.27951514284
1.24526809132
1.21160247904
1.17852863888
1.14605556709
1.11419096345
1.08294127321
1.05231173065
1.02230640388
0.992928240805
0.964179115888
0.936059877628
0.908570396454
