4.37124804674
4.36962935782
4.36477769175
4.35670622741
4.34543685275
4.3310000501
4.31343473698
4.2927880637
4.26911516935
4.24247889828
4.2129494793
4.18060417007
4.14552686977
4.10780770281
4.06754257697
4.02483271932
3.97978419337
3.93250740105
3.88311657311
3.83172925155
3.77846576765
3.72344871918
3.66680245003
3.60865253575
3.54912527805
3.48834721111
3.42644462264
3.36354309208
3.29976704837
3.23523934914
3.17008088336
3.10441019884
3.03834315592
2.97199260833
2.90546811204
2.83887566251
2.77231746078
2.70589170829
2.63969243021
2.57380932716
2.5083276544
2.44332812801
2.37888685698
2.31507530031
2.25196024788
2.18960382377
2.12806351086
2.06739219509
2.00763822812
1.94884550667
1.89105356726
1.83429769463
1.77860904246
1.72401476485
1.67053815708
1.61819880432
1.56701273678
1.51699259014
1.46814776995
1.42048461879
1.37400658514
1.32871439288
1.28460621055
1.24167781937
1.19992277938
1.15933259279
1.11989694025
1.08160345624
1.04443864243
1.00838725309
0.973432817662
0.939557700941
0.906743233697
0.874969837405
0.844217142953
0.814464103263
