20.8615431855
20.7587557661
20.4605118854
19.9947207087
19.4006006991
18.7202595063
17.9909960396
17.2404205847
16.4852807313
15.7335053553
14.9879633887
14.2501659006
13.5226372398
12.8094897384
12.1156381992
11.4455005266
10.8020145075
10.1864104506
9.59866661246
9.03825601298
8.50473924234
7.99797182539
7.5179244558
7.06437103921
6.63666467966
6.2337488465
5.85434739972
5.4972123583
5.16127578242
4.84563971856
4.54946042494
4.27182225297
4.01168665378
3.76794408416
3.53951534291
3.32543992153
3.1248943192
2.93714544265
2.76147596942
2.59713929402
2.44336383943
2.29939963638
2.16456904392
2.03828803084
1.92005036953
1.80937793975
1.70579297644
1.60880572107
1.51793628522
1.43274449037
1.35285176887
1.27793340461
1.20769391483
1.1418413339
1.08007862832
1.0221088416
0.967654582987
