6.48605891763
6.48266572984
6.47249872038
6.455595464
6.43201829666
6.40185388564
6.3652126342
6.32222792688
6.2730552235
6.21787101106
6.15687162451
6.09027194836
6.01830401218
5.94121549394
5.85926814593
5.77273615826
5.68190447551
5.58706708186
5.4885252704
5.38658591142
5.28155973464
5.17375963922
5.06349904497
4.95109029696
4.83684313498
4.72106323809
4.60405085312
4.48609951508
4.36749486592
4.24851357674
4.12942237755
4.01047719705
3.89192241388
3.77399021969
3.65690009292
3.54085838154
3.42605799184
3.31267817946
3.20088443825
3.0908284818
2.98264831187
2.87646836767
2.77239974943
2.6705405095
2.57097600415
2.47377929902
2.3790116214
2.28672285231
2.19695205186
2.10972801136
2.02506982592
1.94298748184
1.86348245305
1.78654830169
1.71217127791
1.6403309147
1.57100061385
