106.440072474
105.757988504
103.733546676
100.431202031
95.9551813279
90.4448392004
84.0686581833
77.0167563564
69.4929772299
61.7063288667
53.8626413047
46.1565927446
38.7646120092
31.8389650622
25.5032362524
19.8494030416
14.9365193425
10.7910662446
7.40878068364
4.75783544603
2.78300603312
1.4107076455
0.554421755598
0.120267860264
0.0123674199526
0.137762983048
0.410638520384
0.755628919495
1.11022065112
1.42610678588
1.66958209598
1.82088373594
1.87304615149
1.82989332341
1.70374382355
1.51285955398
1.27890259354
1.02452678681
0.771249768564
0.537768736344
0.33874066109
0.18404102811
0.0785390267487
0.0223368381329
0.0113386322052
0.0381428040672
0.0930650915173
0.16527200891
0.243843810195
0.31876600067
0.381671627276
0.426414608051
0.449348056374
0.449363484286
0.427709591486
0.38761890836
0.333786693419
