135.802118536
134.715676875
131.499704602
126.281803258
119.266745211
110.72522737
100.97907612
90.384035847
79.3111686968
68.1281124179
57.1812693877
46.7800538112
37.1840670232
28.5939027495
21.1459158258
14.910973543
9.89729619097
6.05651488078
3.29279330182
1.4737044141
0.442410610442
0.0299503273095
0.0669291472282
0.39384633391
0.869462688072
1.37683489602
1.82691150835
2.15952905709
2.34231426847
2.36758405238
2.24784795577
2.01047147898
1.69194825323
1.33240423389
0.970677774585
0.640375710985
0.367081034179
0.166821684274
0.0457217190212
0.000756909100043
0.0213501151511
0.0915147596573
0.192327730008
0.304322367342
0.409682683353
0.49396740314
0.547253620372
0.564654842815
0.546218552437
0.496321936391
0.422633326721
0.334841009028
0.243340987606
0.157904611618
0.0866435418283
0.0352433680398
0.00655278098709
