10.4335265433
10.4240025051
10.3954946481
10.3481949075
10.2824203967
10.1986093038
10.0973152433
9.97920023095
9.84502640356
9.69564647525
9.53199354596
9.35506992118
9.16593552845
8.96569610878
8.7554908503
8.53648084361
8.30983708164
8.07672953005
7.8383161159
7.595732768
7.35008479145
7.10243830141
6.85381314398
6.6051767397
6.35743897244
6.11144812092
5.86798781075
5.62777514693
5.39145876732
5.15961980699
4.93277157461
4.71136099203
4.495770444
4.28632022895
4.08327115243
3.88682806668
3.69714303681
3.51431949267
3.33841544308
3.16944775468
3.00739595481
2.85220608589
2.70379447269
2.56205136496
2.4268444248
2.29802203444
2.17541640607
2.05884648093
1.94812060957
1.84303900963
1.74339600135
1.64898202393
1.55958543876
1.47499412766
1.39499705708
1.31938469053
1.2479516477
