6.04513494875
6.04221477552
6.03346417435
6.01891283799
5.99861004586
5.97262435347
5.94104316167
5.90397217009
5.86153471978
5.81387103143
5.76113734617
5.70350497718
5.64115928056
5.57429855515
5.50313288093
5.42788290641
5.34877859553
5.26605794467
5.17996568063
5.09075195
4.99867101043
4.90397993378
4.80693733078
4.70780210633
4.60683225395
4.5042836971
4.40040918462
4.29545724643
4.18967121515
4.08328831811
3.97653884365
3.86964538471
3.76282216158
3.65627442532
3.55019794224
3.44477855903
3.34019184777
3.23660282905
3.13416577087
3.03302406069
2.93331014723
2.83514554836
2.738640921
2.64389623111
2.551000723
2.46003357153
2.37106373214
2.28415046406
2.19934363372
2.11668408966
2.03620406205
1.95792758212
1.8818709173
1.8080430178
1.73644597094
1.66707545917
1.59992121885
