168.546424953
166.816425192
161.714925156
153.501082549
142.586304559
129.505234941
114.878749794
99.3718817984
83.650302442
68.3387255789
53.9844837011
41.0289178313
29.7884476002
20.4461780629
13.053957993
7.54438141794
3.75007769539
1.42901915932
0.29254604645
0.0336542417687
0.353192453769
0.981703064606
1.69576083002
2.32757715881
2.76841704619
2.96600946804
2.91670825956
2.65470043502
2.23912686294
1.74099307794
1.231315833
0.771409475923
0.40630411115
0.16136293582
0.0419435091169
0.0359434250055
0.118027772021
0.25513839135
0.412144488718
0.556984926246
0.66462582264
0.71954716278
0.716545087876
0.660022120111
0.56199803588
0.439372572964
0.310800907252
0.193728722515
0.101985153296
0.044155674577
0.0229308629476
0.0353681122118
0.0739610382504
0.128234892135
0.186615793006
0.238272744746
0.274619832119
