6.47820434619
6.47420000129
6.46220731774
6.44228712325
6.41454004993
6.37910542892
6.33615977377
6.28591488245
6.22861559416
6.1645372433
6.09398285672
6.01728014392
5.93477833098
5.84684488977
5.75386221287
5.65622428266
5.55433338032
5.44859687629
5.33942414005
5.22722360175
5.11239999344
4.9953517925
4.87646888466
4.75613045913
4.63470314341
4.51253938139
4.38997605372
4.26733333665
4.14491379171
4.02300167648
3.90186246438
3.78174255972
3.66286919293
3.54545048031
3.42967563166
3.31571528955
3.20372198363
3.09383068397
2.98615943807
2.88081007655
2.77786897385
2.67740785085
2.57948460752
2.48414417473
2.39141937537
2.30133178609
2.21389259194
2.1291034272
2.04695719669
1.96743887278
1.89052626401
1.81619075231
1.74439799616
1.67510859802
1.60827873473
1.54386075011
1.48180370964
