393.685765172
393.606955792
393.370638611
392.977146221
392.427031968
391.721068507
390.860245777
389.845768414
388.679052612
387.361722443
385.895605649
384.282728922
382.5253127
380.625765481
378.586677702
376.410815181
374.101112166
371.660664007
369.092719487
366.40067283
363.588055433
360.658527326
357.615868423
354.463969569
351.206823428
347.848515242
344.393213493
340.845160499
337.208662972
333.488082579
329.687826522
325.812338189
321.866087872
317.853563617
313.77926223
309.647680956
305.463307083
301.230611285
296.95403881
292.638001531
288.286870272
283.90496742
279.496559857
275.065852205
270.616980407
266.15400566
261.680908692
257.201584412
252.719836915
248.239374874
243.763807292
239.29663964
234.841270367
230.400987779
225.978967299
221.578269085
217.20183601
212.852491997
208.532940707
204.245764549
199.993424034
195.778257436
191.602480768
187.468188037
183.377351802
179.331823983
175.333336931
171.383504746
167.483824809
163.635679541
159.840338352
156.098959776
152.412593781
148.782184222
145.208571454
141.692495052
