296.555389364
291.391383423
276.346360705
252.707319018
222.447011359
187.992016835
151.945108717
116.801650958
84.6971456638
57.2174998613
35.2932259709
19.1849580127
8.55324511854
2.59479084073
0.218859716392
0.234119870701
1.51780579105
3.14542664636
4.46797739214
5.133339999
5.05807732757
4.36316479863
3.29076283982
2.11970662098
1.09479771803
0.379730165237
0.0377351688625
0.0378324639008
0.280380750216
0.632717416596
0.965208804307
1.18029642706
1.22881011364
1.11260776513
0.874956547895
0.583071157878
0.307838668542
0.106035740158
0.00856085214182
0.0167138958366
0.106165191111
0.236463528808
0.363248375212
0.449587162127
0.474123138783
0.434270781
0.344375742759
0.230046272321
0.120155812521
0.0393130146608
0.0020735570221
0.0104211327378
0.0546747726603
0.117234672879
0.177897510284
0.219260925954
0.230836431052
