4.59309357278
4.59151401191
4.58677899283
4.57889949072
4.56789374665
4.55378719142
4.53661233971
4.51640865509
4.49322238668
4.46710637865
4.43811985343
4.40632817027
4.37180256035
4.33461984015
4.29486210484
4.25261640334
4.20797439709
4.16103200446
4.11188903282
4.06064880034
4.00741774967
3.95230505557
3.89542222865
3.83688271723
3.7768015095
3.71529473792
3.65247928781
3.58847241205
3.52339135365
3.457352978
3.39047341618
3.32286772105
3.25464953735
3.18593078714
3.11682137151
3.04742888985
2.97785837714
2.90821206027
2.83858913385
2.76908555581
2.69979386329
2.63080300887
2.56219821711
2.49406086151
2.42646836145
2.35949409895
2.29320735477
2.22767326338
2.16295278609
2.09910270183
2.03617561463
1.97421997712
1.91328012918
1.85339635074
1.79460492777
1.73693823069
1.68042480386
