806.974896866
806.615768589
805.539579469
803.749908792
801.252695987
798.05620185
794.170954815
789.609682854
784.387231705
778.520470261
772.028184107
764.930958248
757.251050215
749.012254791
740.239761637
730.96000718
721.200522118
710.98977591
700.357019611
689.33212838
677.94544495
666.227625282
654.209487569
641.921865659
629.395467894
616.660742242
603.747748521
590.686038382
577.504543624
564.231473302
550.894219968
537.519275301
524.132155246
510.757334726
497.41819185
484.136961508
470.934698115
457.831247227
444.845225694
431.99400993
419.293731866
406.759282107
394.404319767
382.241288468
370.281437947
358.534850714
347.010473222
335.716150987
324.658667133
313.843783832
303.276286135
292.960027726
282.897978127
273.092270938
263.544252712
254.254532088
245.223028858
236.449022646
227.93120094
219.667706216
211.656181949
203.893817322
196.377390472
189.103310147
182.067655652
175.26621502
168.694521319
162.347887084
156.221436809
150.310137527
144.608827456
139.11224275
133.815042365
128.711831098
123.797180831
119.065650054
