79568.6967567
569.441324545
96.4925967781
34.8933013065
17.6247341259
10.0239357853
6.00393838864
5.1330087858
5.11602389487
3.6388281234
2.58044635224
3.66058209402
2.73475313481
2.4521546008
3.67848675678
2.19311835252
2.44137027985
2.52167756266
2.74851055519
3.06058510124
2.50472202585
2.05360795126
3.21631799966
1.17935715738
2.53924871946
2.24662385122
2.42277509403
1.9445322032
0.999476534723
1.36429334523
1.52619625026
1.27468033341
1.25051249418
1.79769962505
1.65416830578
0.944314782046
1.71194728018
1.20376719992
0.692615824364
0.845281057812
2.9729827974
87.7252572042
0.299088332998
1.20623054987
1.19097599926
0.758881733239
1.06363250044
1.05124995655
0.848739346335
0.738415076165
1.61825209442
1.07340610858
0.354574044911
0.337201858413
0.691694087529
1.05793862522
0.752922762867
