2.95647256412
2.95572927753
2.95350079952
2.94979127045
2.94460757424
2.93795931353
2.92985877507
2.92032088556
2.90936315819
2.89700563017
2.88327079171
2.86818350663
2.85177092528
2.8340623901
2.81508933439
2.79488517488
2.77348519855
2.75092644445
2.7272475811
2.70248878
2.67669158601
2.64989878526
2.6221542711
2.59350290888
2.56399040016
2.53366314689
2.50256811625
2.47075270679
2.43826461625
2.40515171179
2.37146190304
2.33724301843
2.30254268537
2.2674082145
2.23188648855
2.19602385605
2.15986603021
2.12345799324
2.08684390634
2.05006702548
2.01316962315
1.97619291622
1.9391769999
1.90216078793
1.86518195885
1.82827690851
1.79148070856
1.75482707102
1.71834831862
1.68207536091
1.64603767594
1.61026329725
1.57477880608
1.5396093285
1.5047785373
1.47030865827
1.4362204808
1.40253337237
1.36926529678
1.33643283578
1.3040512139
1.27213432615
1.24069476836
1.20974386986
1.17929172833
1.14934724641
1.11991817002
1.09101112797
1.06263167273
1.03478432216
1.00747260187
0.980699088186
0.954465451344
0.928772498872
0.903620218938
0.879007823509
