44.0359940676
43.8694559711
43.3732191322
42.5573064593
41.4381638277
40.0380323144
38.3845065818
36.509619601
34.4490036386
32.2408631557
29.9250142642
27.5417549278
25.1308682868
22.7306179145
20.3768499448
18.102178671
15.9353214233
13.9005682136
12.0174115341
10.3003420552
8.75880727859
7.3973257996
6.21574068775
5.20961583574
4.37072659225
3.68764092341
3.14635981107
2.7309920644
2.42443354581
2.2090307466
2.06720722789
1.98202233969
1.93766411035
1.91984764955
1.91611614122
1.91604879847
1.9113652984
1.8959343514
1.86570241311
1.81854182642
1.75403288566
1.67321997076
1.57830195026
1.47233960574
1.35894286144
1.24197785351
1.12530023682
1.01251835436
0.906804278813
0.810749430169
0.726268242921
0.654552001083
0.59606760275
0.550598678512
0.517318077168
0.494892870821
0.48160142372
