1037.24133585
1036.52919864
1034.40326162
1030.87474293
1025.96542543
1019.70529761
1012.1321016
1003.29077225
993.232796195
982.015505259
969.701330133
956.357014541
942.052742552
926.861616918
910.858472955
894.119529202
876.7213583
858.740548957
840.252762505
821.332431654
802.052204849
782.482420611
762.69084288
742.742304809
722.698515596
702.617785001
682.554874733
662.560978857
642.68350235
622.966312651
603.449524029
584.16958907
565.159485506
546.448681575
528.063329033
510.026392317
492.357775521
475.074433892
458.19067571
441.718144485
425.666178332
410.041756274
394.849932492
380.09370839
365.774488107
351.891922174
338.444379345
325.428889158
312.841240789
300.676300091
288.927909969
277.589229035
266.652678461
256.110066899
245.952764147
236.171651617
226.757352512
217.700196498
208.990318802
200.617696503
192.572250743
184.843870375
177.422404878
170.297809276
163.460070243
156.899316303
150.605764433
144.569866695
138.78214689
133.233451684
127.914714082
122.817138192
117.932164132
113.251400239
108.766806592
104.470480615
