4.88000939125
4.87816543198
4.87263835664
4.86344254966
4.85060190885
4.83414973157
4.81412855657
4.79058996254
4.76359432487
4.73321053233
4.69951566562
4.66259464018
4.62253981555
4.57945057414
4.53343287221
4.48459876612
4.43306591703
4.37895707725
4.32239956167
4.26352470761
4.20246732645
4.13936515049
4.07435827828
4.00758862181
3.9391993586
3.86933439185
3.79813782152
3.72575342902
3.65232417822
3.57799173505
3.50289600792
3.42717471089
3.35096295127
3.27439284328
3.19759314892
3.12068894703
3.04380133153
2.96704713918
2.8905387073
2.81438366162
2.73868473398
2.66353960982
2.58904080475
2.51527556976
2.44232582402
2.37026811457
2.29917360156
2.22910806797
2.16013195253
2.09230040428
2.02566335755
1.96026562563
1.8961470117
1.83334243545
1.77188207376
1.71179151387
1.65309191753
