6.7540374278
6.75023856222
6.73885744591
6.71994039972
6.69356422487
6.65983560793
6.61889029763
6.57089206389
6.51603145107
6.45452434046
6.38661033888
6.31255101185
6.23262798171
6.1471409119
6.05640539968
5.9607507999
5.86051800276
5.75605718825
5.64772557953
5.53588521664
5.42090077112
5.30313742049
5.1829588004
5.06072505034
4.93679096706
4.81150427803
4.68520404505
4.55821920643
4.43086726379
4.30345311784
4.17626805545
4.04958888845
3.923677243
3.79877899675
3.67512385943
3.55292509157
3.43237935441
3.31366668381
3.19695057939
3.08237820027
2.97008065781
2.86017339581
2.75275664812
2.64791596405
2.54572279174
2.44623510993
2.3494980991
2.25554484312
2.16439705307
2.07606584623
1.99055228839
1.90784854653
1.8279382232
1.75079728995
1.67639476143
1.60469339054
1.53565034058
