81.107679846
80.7197091796
79.5650614745
77.6712201746
75.0829692972
71.8609185526
68.0794910224
63.8245038619
59.1904056533
54.2772794036
49.187750385
44.0238617104
38.8841193123
33.8607214766
29.0371390922
24.4860694334
20.2678876403
16.4295785936
13.0041870466
10.0108108767
7.45505187656
5.32994142953
3.61724818531
2.28909044584
1.30979637714
0.637879554744
0.228095523289
0.0334497611977
0.00708180362069
0.103997817283
0.282520703896
0.505491604237
0.741141328915
0.96364401376
1.15335770244
1.29676479739
1.38613729251
1.41899119025
1.39734967862
1.32688395549
1.21599447902
1.0748529805
0.914500403306
0.746005136974
0.579734442642
0.424768937268
0.28846105701
0.176160322356
0.0910932029595
0.0343966818283
0.00526774745013
0.00123144738868
0.018480936323
0.0522656990548
0.0973001338725
0.148176068225
0.19971642923
