11.8118067501
11.799080946
11.7610067381
11.6978921216
11.6102449801
11.4987651804
11.36433389
11.2079995224
11.0309625977
10.8345575906
10.6202336688
10.3895344927
10.1440767847
9.88552950569
9.61559230809
9.33597534698
9.04837979534
8.75447920977
8.4559032913
8.15422276338
7.85093607141
7.547458709
7.24511403372
6.94512618952
6.64861521424
6.35659419102
6.06996739315
5.7895309259
5.51597435464
5.24988368371
4.99174540541
4.74195142977
4.5008047103
4.26852538973
4.04525730181
3.83107467949
3.62598895835
3.42995543593
3.24287993512
3.06462525075
2.89501703002
2.7338496431
2.58089154944
2.43589021173
2.29857654408
2.16866936396
2.04587848045
1.92990859825
1.82046189672
1.71724062241
1.61994929955
1.52829644357
1.44199633389
1.36077014405
1.2843470163
1.21246487629
1.14487105152
