8.89941275891
8.89151984126
8.86790130081
8.82873670656
8.77432182037
8.70506345497
8.62147253068
8.52415555807
8.41380481431
8.29118750677
8.1571342266
8.01252699252
7.85828717242
7.69536354746
7.52472075455
7.34732830902
7.16415037366
6.97613640285
6.78421275484
6.58927533122
6.39218327122
6.19375370155
5.9947575185
5.79591615955
5.59789930661
5.40132345075
5.20675124058
5.01469153133
4.82560004916
4.63988058589
4.45788664075
4.27992343
4.10625018939
3.93708270059
3.77259597844
3.61292706271
3.45817786416
3.30841802169
3.16368773315
3.0240005286
2.88934596015
2.75969218788
2.63498844562
2.5151673748
2.40014721803
2.28983386742
2.1841227653
2.0829006573
1.9860471998
1.89343642521
1.80493806995
1.72041877081
1.63974313625
1.56277469966
1.48937676187
1.41941313049
1.35274876357
