71.0870383148
70.7889505814
69.9009284645
68.441512417
66.4410002912
63.9405644695
60.9910632913
57.6515784913
53.9877378608
50.0698818151
45.9711317087
41.765418467
37.5255445719
33.3213589487
29.2180458998
25.2746627922
21.5428783742
18.0660215844
14.8784108752
12.0049913228
9.46129216011
7.25365370006
5.37975434242
3.82935976213
2.58527090751
1.62444052845
0.919188901754
0.438484858788
0.149231556835
0.0175111383621
0.00976799812077
0.0938574071786
0.239950823794
0.421275588019
0.614678699305
0.800977928658
0.965145384811
1.09630607198
1.18757617768
1.23574849845
1.24087450303
1.20575641755
1.13537952858
1.03631964705
0.916146964871
0.782860617941
0.644385920952
0.508109519704
0.380529231684
0.266980858107
0.171455687622
0.0965188042297
0.0433160345884
0.011648900357
0.000131792848113
0.00638954604147
0.0272887402622
