534.596272686
534.454794431
534.030618153
533.324518456
532.337783458
531.072210479
529.530100029
527.714248138
525.627937054
523.274924362
520.659430581
517.786125296
514.660111889
511.286910966
507.672442523
503.823006984
499.745265154
495.446217226
490.933180911
486.213768806
481.295865103
476.187601747
470.897334142
465.433616523
459.805177096
454.020893054
448.089765568
442.020894872
435.82345552
429.506671934
423.079794319
416.552075045
409.932745578
403.230994043
396.455943482
389.616630893
382.721987104
375.78081754
368.801783935
361.793387036
354.76395034
347.721604889
340.674275156
333.629666044
326.595251006
319.578261296
312.585676363
305.624215362
298.700329806
291.82019732
284.989716484
278.21450275
271.499885408
264.850905551
258.27231503
251.768576346
245.343863443
239.002063357
232.746777953
226.581330913
220.508764828
214.531851232
208.653094289
202.87473662
197.198760677
191.626915361
186.160693699
180.801365259
175.549958541
170.407300127
165.374002587
160.45047825
155.636947999
150.93345018
146.339849572
141.855846396
