73.1403449993
72.8202157458
71.8668241627
70.3009334955
68.1564866929
65.4795051619
62.3267468301
58.7640031777
54.8641232946
50.7049346144
46.3670009208
41.9313464554
37.4772901842
33.0803535779
28.8103906185
24.7299453452
20.8929304539
17.3436228963
14.1160188648
11.2335552793
8.70916118236
6.54568901448
4.73660695338
3.26698208972
2.11464516952
1.25154331148
0.645173045062
0.260058844109
0.059208058033
0.00549819633902
0.0629401767129
0.197797815197
0.379483686983
0.581286588103
0.780847033897
0.960433856903
1.10698012127
1.21194979594
1.27103382312
1.28365421598
1.25243677084
1.18254738624
1.08102434405
0.956092334383
0.816514658992
0.671000365906
0.527677452183
0.393694172211
0.27488182561
0.175572180103
0.0984917736611
0.0447872179243
0.0141068068395
0.00478609667573
0.0140866247227
0.0384621596224
0.0738583152826
