12.6459776001
12.6310526671
12.5864096983
12.5124423474
12.4097993007
12.2793733448
12.1222874052
11.9398745951
11.7336584167
11.5053277869
11.2567115309
10.9897499388
10.7064675246
10.4089439267
10.0992860195
9.7796004753
9.4519689586
9.11842320626
8.7809250006
8.44134591902
8.10145210965
7.76289125733
7.42718174308
7.09570549928
6.76970375827
6.45027480982
6.13837455388
5.83481883565
5.54028913977
5.25533689405
4.9803922112
4.71577146007
4.46168715368
4.21825633604
3.98551093847
3.76340724316
3.55183531915
3.35062811079
3.15957006233
2.97840519251
2.80684456011
2.64457302
2.49125566116
2.34654291783
2.21007568507
2.08148955371
1.96041853569
1.84649822286
1.73936844434
1.63867558263
1.54407437247
1.45522937617
1.37181612049
1.29352242521
1.22004826945
1.15110684232
1.08642447051
