7.06936624931
7.06487618328
7.0514280293
7.02908769981
6.99796431956
6.95820914426
6.9100140717
6.85360976972
6.78926345094
6.7172763299
6.63798080207
6.55173738792
6.45893148757
6.3599699931
6.25527780594
6.14529430643
6.03046982122
5.91126213199
5.7881330662
5.66154520698
5.53195875543
5.39982857423
5.26560143696
5.12971350274
4.99258803143
4.85463334968
4.716241074
4.5777845928
4.43961780562
4.30207411411
4.1654656566
4.03008277525
3.89619370276
3.76404445358
3.63385890377
3.50583904199
3.38016537424
3.25699746426
3.13647459173
3.01871651082
2.90382429206
2.79188123134
2.68295381078
2.5770926971
2.47433376443
2.37469912942
2.278198188
2.18482864399
2.09457752134
2.00742215248
1.92333113685
1.84226526426
1.7641783991
1.68901832211
1.61672752718
1.54724397179
1.4805017799
