9408.89261406
5107.00056919
419.700089786
111.802157412
67.2696011043
17.178099512
23.2000820276
4.35949953652
10.9550167926
1.33257825579
6.0869286169
0.411644742219
3.73338990932
0.122883919268
2.45910777566
0.0381661744507
1.68010931256
0.024275183851
1.17587661753
0.0245061552347
0.839282888218
0.0528473742446
0.616091945
0.0684369505271
0.453229942151
0.0829098850528
0.339651195913
0.103011014296
0.247494445043
0.102266976118
0.177557616648
0.113431233377
0.138984502697
0.121324962436
0.0947538902065
0.10758037585
0.0738366701925
0.112814486749
0.0609061095056
0.10968427909
0.0377976027471
0.103334827037
0.0325770345798
0.0941829997098
0.0217490823538
0.0891463331857
0.0200497299911
0.0848102536121
0.0164739824085
0.0733306536357
0.0234056752252
0.0711593287985
0.0208190598136
0.0612292952289
0.0155287202277
0.0527984970674
0.0271598945987
