5.57900500024
5.57654124138
5.56915757066
5.55687676212
5.53973662783
5.51778980216
5.49110344239
5.45975884832
5.42385100396
5.38348804548
5.33879065969
5.28989141828
5.23693405336
5.18007268022
5.11947097372
5.05530130488
4.98774384465
4.91698564165
4.84321968108
4.76664393186
4.68746038882
4.60587411701
4.52209230446
4.43632332999
4.348775852
4.2596579238
4.16917614089
4.07753482483
3.98493524805
3.89157490342
3.79764682175
3.70333894007
3.60883352276
3.51430663733
3.41992768583
3.32585899266
3.23225544878
3.13926421208
3.04702446314
2.95566721506
2.86531517603
2.77608266248
2.6880755609
2.60139133559
2.51611907993
2.43233960805
2.35012558411
2.269541686
2.19064480018
2.11348424463
2.03810201657
1.96453306169
1.89280556198
1.82294123879
1.75495566848
1.6888586075
1.62465432448
