5.2408185645
5.23848112723
5.23147652401
5.21982783113
5.20357334462
5.18276633526
5.15747470923
5.12778057758
5.09377973911
5.05558108161
5.01330590754
4.96708719066
4.91706877078
4.86340449445
4.80625730935
4.74579832104
4.68220582027
4.61566428957
4.54636339759
4.47449698949
4.40026208158
4.32385786792
4.24548474641
4.16534337113
4.08363373733
4.00055430503
3.91630116612
3.83106725973
3.7450416395
3.65840879607
3.5713480371
3.48403292672
3.39663078562
3.30930225206
3.22220090402
3.13547294169
3.04925692911
2.96368359363
2.87887568077
2.79494786247
2.71200669583
2.63015062937
2.54947005375
2.47004739358
2.39195723676
2.31526649806
2.24003461321
2.16631376001
2.0941491031
2.02357905882
1.95463557693
1.88734443612
1.82172555013
1.7577932817
1.69555676175
1.63502021114
1.57618326294
