304.150866869
298.367988637
281.565771113
255.31149685
221.988575846
184.491082341
145.865292923
108.95127926
76.0773708594
48.8473423281
28.0447237334
13.6573875696
5.00691191849
0.951397250372
0.122345314675
1.15432584417
2.87296383539
4.41762413995
5.28958163779
5.33093658431
4.65036199871
3.51939353157
2.26367395454
1.1709894103
0.43025855136
0.10767195487
0.156343697569
0.450929205631
0.833966713574
1.16066566708
1.33243193829
1.31229182869
1.12310166659
0.830227028259
0.517090207168
0.260099973419
0.109545866449
0.0803101247212
0.15319712413
0.285217641823
0.424323345027
0.524651749619
0.557937170873
0.518636972917
0.422308025064
0.298597522511
0.181249625646
0.0983936361157
0.0654191994351
0.0823610186642
0.135587657867
0.203138225462
0.261828013968
0.293627318346
0.29019163778
0.254056842367
0.196839366852
