489.850822796
489.72816764
489.360418962
488.74822641
487.892670352
486.795258303
485.457919967
483.883000894
482.073254799
480.031834573
477.762282033
475.268516468
472.554822027
469.625834021
466.486524197
463.142185067
459.598413349
455.861092622
451.936375254
447.830663705
443.550591283
439.103002432
434.494932665
429.733588198
424.826325402
419.780630144
414.604097104
409.304409162
403.889316926
398.366618489
392.744139483
387.029713513
381.231163037
375.356280744
369.41281152
363.408435026
357.350748964
351.247253064
345.105333844
338.932250167
332.735119643
326.520905886
320.296406659
314.068242925
307.8428488
301.626462434
295.425117811
289.244637469
283.090626131
276.968465243
270.883308392
264.840077605
258.843460484
252.897908179
247.007634144
241.176613673
235.408584163
229.707046086
224.07526462
218.516271918
213.032869963
207.627633978
202.302916355
197.060851049
191.903358413
186.832150434
181.848736308
176.954428353
172.150348183
167.437433137
162.816442909
158.287966344
153.852428381
149.510097094
145.261090804
141.105385245
