1145.63100153
1144.61233597
1141.86839079
1137.32037583
1131.00473715
1122.97063251
1113.27897255
1102.00147432
1089.21829126
1075.0181835
1059.49576816
1042.75135087
1024.88804997
1006.0114754
986.22824117
965.644862913
944.366685837
922.497022612
900.136340177
877.381591698
854.325654554
831.056873687
807.658709767
784.209482554
760.782194388
737.444436487
714.258360551
691.280710166
668.562896129
646.151170465
624.0867125
602.405888439
581.14043825
560.317733013
539.960997047
520.089581334
500.719229428
481.862294712
463.528064268
445.722970102
428.450833661
411.713163983
395.509269834
379.836594112
364.690863693
350.066294294
335.955775553
322.351040007
309.242824516
296.621016985
284.474792531
272.792788404
261.562971347
250.773219119
240.410879232
230.463492543
220.917898205
211.761321724
202.980859882
194.563471782
186.497081063
178.76849023
171.365561639
164.276057532
157.488087686
150.989987761
144.770360474
138.818157734
133.122543114
127.673086736
122.459598634
117.472031898
112.701349073
108.138113662
103.773587819
99.59884461
