6.24236111637
6.23925926207
6.22996450007
6.21450916319
6.19294690743
6.16535236621
6.13182067123
6.0924668443
6.04742506645
5.99684783099
5.94090498894
5.87978269568
5.81368226886
5.74281896811
5.66742070766
5.58772671362
5.50398613764
5.41645663905
5.32540294753
5.23109541819
5.13380859063
5.0338197633
4.9314075939
4.82685073583
4.72042652025
4.6124096923
4.50307120939
4.39267710824
4.28148744693
4.16975532665
4.05772599747
3.94563605089
3.83371270149
3.7221731588
3.61122408956
3.50106116989
3.39186872602
3.28381946141
3.17707426751
3.07178211483
2.96808002043
2.86609308744
2.76593461199
2.66770625247
2.57149825596
2.4773897364
2.38544899909
2.29573390601
2.20829227647
2.12316231782
2.04037308098
1.95994493571
1.8818900608
1.80621294475
1.73291089245
1.66197453403
1.59338833211
