3.62327117279
3.62210287904
3.6186008909
3.61277387336
3.60463621991
3.59420798081
3.58151476348
3.56658760579
3.54946282335
3.53018183204
3.5087909471
3.48534116054
3.45988789849
3.43249076036
3.40321324199
3.3721224446
3.33928877188
3.30478561739
3.26868904438
3.23107746035
3.1920312885
3.1516326381
3.10996497616
3.06711280195
3.02316132678
2.97819616032
2.93230300561
2.88556736388
2.83807425089
2.7899079258
2.74115163389
2.69188736383
2.64219562049
2.59215521376
2.54184306408
2.49133402467
2.44070072109
2.39001340775
2.33933984169
2.28874517317
2.2382918529
2.18803955554
2.1380451189
2.08836249837
2.03904273589
1.99013394279
1.94168129579
1.89372704534
1.84631053553
1.79946823471
1.75323377598
1.7076380068
1.66270904667
1.61847235227
1.57495078907
1.53216470871
1.49013203129
1.44886833187
1.40838693049
1.36869898489
1.32981358546
1.29173785167
1.2544770294
1.21803458884
1.18241232214
1.14761044065
1.11362767119
1.08046135096
1.04810752091
1.01656101705
0.985815559581
0.955863839674
0.926697603501
0.898307733546
0.870684326968
0.843816770929
