42.8283371982
42.3952184592
41.1321430489
39.143121913
36.5862157315
33.6532155572
30.5460769193
27.4536052671
24.532212283
21.8928175265
19.5957630609
17.6533031933
16.0384874512
14.6980966764
13.5669258311
12.5808620044
11.6867452624
10.8479178172
10.0453493504
9.27505444954
8.5431305482
7.8600188485
7.23528785351
6.67409829017
6.17567588763
5.73376967574
5.3385136915
4.97893864385
4.64534744781
4.33095462409
4.03249593031
3.74982731671
3.484793818
3.23980207272
3.01652621699
2.81509553887
2.6338789686
2.4698636477
2.31937536219
2.17895555753
2.04602481556
1.91927728732
1.7986109983
1.68478163831
1.57885001807
1.48162602915
1.39329163052
1.31325575935
1.24028296444
1.17280336586
1.10930425181
1.04866435884
0.990341572064
0.934381128438
0.881241321192
0.83152358108
0.785708979306
