7.34881166068
7.3444118802
7.33123125556
7.30932578765
7.278788315
7.23974777565
7.19236818643
7.13684735218
7.07341532023
7.00233259892
6.92388816106
6.8383972559
6.74619905468
6.64765415677
6.54314198398
6.43305809165
6.31781142516
6.19782155044
6.07351588614
5.94532696467
5.81368974747
5.67903901865
5.541806879
5.40242036035
5.26129917794
5.11885363604
4.97548269949
4.83157224131
4.68749347392
4.54360156904
4.40023446879
4.25771188831
4.11633450796
3.97638335113
3.83811934179
3.70178303457
3.56759450827
3.43575341301
3.30643915985
3.1798112412
3.05600966974
2.93515552306
2.81735158148
2.70268304605
2.59121832427
2.48300987134
2.37809507503
2.27649717306
2.17822619238
2.08327990048
1.99164475978
1.90329687671
1.81820293812
1.73632112842
1.65760202181
1.58198944442
1.50942130247
