12.402141186
12.3792355638
12.3125961275
12.2067694383
12.0657919413
11.8922107792
11.688305824
11.4571548301
11.2023344078
10.9272455076
10.635039909
10.3288297564
10.011640487
9.68625005643
9.35519430034
9.02082993065
8.68530173539
8.35050249469
8.01810565523
7.68959489824
7.36625046399
7.04915212135
6.73921212374
6.43719063685
6.14369457069
5.85919422103
5.58404751895
5.31850793979
5.06272964456
4.81678501139
4.58067928081
4.35435452516
4.13769726443
3.93055190137
3.73272774107
3.54400145443
3.36412464897
3.19283221518
3.02984468146
2.8748703241
2.72761120623
2.58776716762
2.45503606827
2.32911595103
2.20970895694
2.09652229892
1.98926798495
1.88766489986
1.79144068639
1.70033111636
1.61408001172
1.5324408914
1.45517732779
1.38206179897
1.31287604249
1.24741192784
1.18547080315
