6.35695047419
6.35276422645
6.34023035586
6.31942310182
6.29046495221
6.25352483351
6.20881567829
6.15659145032
6.097143712
6.03079782233
5.9579088562
5.87885733769
5.79404487771
5.70388980015
5.60882283178
5.50928292093
5.40571324111
5.29855742616
5.18825607445
5.07524355009
4.95994509974
4.84277429562
4.72413080839
4.60439850743
4.4839438808
4.36311476261
4.24223935182
4.12162550372
4.0015602737
3.88230969153
3.76411874362
3.6472115404
3.53179164631
3.41804255046
3.306128257
3.19619397529
3.08836689119
2.98275700206
2.8794579998
2.77854818745
2.68009141659
2.5841380341
2.49072582816
2.39988096492
2.31161890832
2.22594531694
2.14285691261
2.0623423168
1.98438285122
1.90895330055
1.83602263528
1.76555469381
1.69750882307
1.63184047778
1.56850177861
1.5074420299
1.44860819809
1.39194535193
1.33739706596
1.2849057887
1.2344131774
1.18586040078
1.13918841189
1.09433819255
1.05125097129
1.00986841663
0.970132807232
0.931987180855
0.89537546349
0.86024258043
0.826534550659
0.794198566054
0.763183056708
0.733437743668
0.704913680269
0.677563283196
