7.62455883044
7.6195541914
7.60456467778
7.57966326761
7.54497081981
7.50065492965
7.44692835082
7.38404700753
7.31230762638
7.23204502262
7.14362908003
7.04746146765
6.94397213879
6.83361566038
6.71686742125
6.59421976809
6.46617811737
6.33325708957
6.19597670996
6.05485871696
5.91042301598
5.76318431206
5.61364895077
5.46231199199
5.30965453638
5.15614131995
5.002218587
4.84831224752
4.69482632067
4.5421416621
4.39061496894
4.24057805355
4.09233737364
3.94617380456
3.80234263719
3.66107378362
3.52257217139
3.38701830674
3.25456898666
3.12535813961
2.99949777527
2.87707902395
2.75817324724
2.64283320256
2.53109424516
2.42297555248
2.31848135715
2.21760217618
2.12031602523
2.02658960843
1.93637947521
1.84963313737
1.76629014032
1.68628308407
1.60953859028
1.53597821293
1.4655192908
