542.7433843
523.37729292
468.694861351
388.105702299
294.745057375
202.432047604
122.707659761
62.7332841195
24.5214952258
5.5418343968
0.340820214175
2.56728179251
6.76554259373
9.47381547708
9.46176476186
7.24065457321
4.18497057676
1.65363507891
0.410770022242
0.467410395197
1.28317343503
2.14747628433
2.53527867448
2.29232309016
1.612034029
0.861494952696
0.36876359679
0.275113116493
0.505728773049
0.848076491925
1.08057653531
1.08082264091
0.866270261759
0.560398354501
0.313053824514
0.221934153031
0.292269819288
0.44888767952
0.585901418066
0.624513350573
0.548097038491
0.401730864434
0.260695949733
0.18779153206
0.203364160214
0.280316730029
0.364006495236
0.403734020826
0.377850562006
0.301696784771
0.21498599938
0.158705168678
0.153665440883
0.192136161451
0.24481737634
0.278406391083
0.273322698862
