148.76390415
147.421134481
143.453253784
137.037737799
128.458012689
118.085829018
106.358537345
93.7528110564
80.7568532743
67.8429833972
55.4425059284
43.9246127432
33.5803364561
24.6129140626
17.1341955624
11.1674440623
6.65592924304
3.47564989799
1.45166497171
0.376018361817
0.0259118911807
0.180783515169
0.637008003092
1.21939506711
1.7888774162
2.24623706564
2.53217833142
2.62394585051
2.52952290605
2.27996815038
1.92114448987
1.50534863981
1.08393616141
0.701267071126
0.390557594702
0.171610745913
0.0505244184097
0.0210096867991
0.0668878331626
0.165523438311
0.291439769535
0.419791061572
0.529335152196
0.604502931214
0.636571230696
0.623832496456
0.570872102106
0.487161724495
0.385244911197
0.278726141524
0.180377616835
0.100577882318
0.0462315787813
0.0202336324669
0.0215344864977
0.0456788835512
0.0857505316086
