5.64906445195
5.64625002114
5.63781741225
5.62379859463
5.60424658071
5.57923502477
5.54885766823
5.51322763828
5.47247660831
5.42675383048
5.37622505175
5.32107132632
5.26148773802
5.19768204725
5.12987327739
5.05829025598
4.98317012589
4.90475684172
4.82329966602
4.73905167953
4.65226831875
4.56320595335
4.47212051462
4.37926618545
4.28489416054
4.18925148469
4.09257997564
3.99511523623
3.89708575992
3.79871213204
3.70020632799
3.60177110869
3.50359951215
3.40587443945
3.30876833226
3.21244293847
3.11704916167
3.02272698977
2.92960549773
2.83780291868
2.74742677786
2.65857408339
2.571331568
2.48577597568
2.40197438737
2.31998458016
2.23985541424
2.1616272424
2.08533233718
2.01099533081
1.93863366361
1.86825803695
1.79987286684
1.73347673507
1.66906283475
1.60661940774
1.5461301716
