12.8189139092
12.8035290319
12.7575118553
12.6812724379
12.5754865741
12.4410845402
12.2792354261
12.0913292978
11.8789529091
11.6438658285
11.3879730633
11.1132961462
10.8219435391
10.5160809185
10.1979013507
9.86959727962
9.53333354644
9.19122157766
8.84529832739
8.49750506582
8.14967111502
7.80349939454
7.4605566606
7.12226416305
6.78989471384
6.46456963712
6.14725952459
5.83878777202
5.53983488935
5.25094601506
4.97253825981
4.70491035658
4.44825240567
4.20265565912
3.96812475951
3.74458587332
3.53189848482
3.32986469214
3.13823848932
2.95673435775
2.78503514865
2.6227992225
2.46966689813
2.32526571742
2.18921629746
2.06113551453
1.9406407433
1.82735282821
1.72089853032
1.62091292573
1.52704073489
1.43893783159
1.35627240189
1.27872536602
1.20599129401
1.13777856565
1.07380949375
