10.2878556281
10.27648313
10.2424869841
10.1862265626
10.1082867546
10.0094605054
9.89072804772
9.75323302152
9.59825593088
9.42718632585
9.24149512354
9.0427078131
8.83237899039
8.61206878359
8.38332165714
8.14764778782
7.90650706125
7.66129573835
7.41333576062
7.16386653431
6.91403899968
6.66491180246
6.41744934764
6.1725214808
5.93090456242
5.69328372231
5.46025607475
5.23233468449
5.00995310718
4.79347034803
4.58317666216
4.37929605853
4.18199743998
3.99139423945
3.80755252811
3.63049550686
3.4602083518
3.29664280591
3.13972149124
2.98934192965
2.84538026665
2.70769469467
2.57612857874
2.45051329447
2.3306707889
2.21641587499
2.10755827484
2.00390442882
1.90525908548
1.81142668783
1.72221257322
1.63742400352
1.55687103969
1.48036727542
1.40773044519
1.33878291947
1.27335209874
