33.1757786263
32.8696226847
31.9818126933
30.5990286672
28.8492331611
26.8807683329
24.8396115346
22.8494480474
20.9982458044
19.3331172277
17.8634466001
16.5702840364
15.4189548317
14.3715361272
13.3964737304
12.4737752047
11.5956427415
10.7635482558
9.98352806758
9.26145875619
8.59980392712
7.99638563824
7.44512093303
6.93798050343
6.46723619308
6.02714241147
5.6146068743
5.22882176193
4.87019421324
4.53909235279
4.23493988908
3.95585954911
3.69896433682
3.46100633421
3.23912046546
3.03132831983
2.83666084671
2.65490251766
2.48611903441
2.33018043492
2.18646054291
2.05381080595
1.93076822046
1.81589281281
1.70806383237
1.60664035678
1.5114192497
1.42244568368
1.3397605146
1.26319627589
1.19229946975
1.12638454268
1.06469955364
1.00660298941
0.951690428661
0.899818192635
0.851025528337
