3.6260024658
3.62495026755
3.62179582321
3.61654557577
3.60921023632
3.59980474326
3.58834820561
3.57486383066
3.55937883644
3.54192434942
3.52253528814
3.50125023331
3.47811128526
3.45316390945
3.42645677082
3.39804155818
3.36797279922
3.3363076675
3.3031057822
3.26842900182
3.23234121286
3.1949081146
3.15619700095
3.11627654069
3.07521655685
3.03308780658
2.98996176232
2.9459103953
2.90100596249
2.85532079759
2.80892710719
2.76189677281
2.71430115953
2.66621093193
2.61769587795
2.56882474129
2.51966506275
2.47028303096
2.42074334298
2.37110907482
2.32144156235
2.27180029262
2.22224280573
2.17282460725
2.12359909121
2.07461747356
2.02592873598
1.97757957979
1.92961438981
1.88207520788
1.83500171565
1.7884312264
1.74239868543
1.69693667868
1.65207544902
1.60784291997
1.56426472617
1.52136425025
1.4791626656
1.43767898452
1.39693011123
1.3569308994
1.31769421349
1.27923099366
1.24155032354
1.20465950067
1.16856410895
1.13326809279
1.09877383252
1.06508222066
1.03219273879
1.00010353444
0.968811497959
0.938312338831
0.908600661303
0.879670038978
