611.964156943
590.11462235
528.419919108
437.4963052
332.163858272
228.013600351
138.066667699
70.4026263288
27.2927155669
5.88147610295
0.0161116795024
2.53107266641
7.27088374011
10.3299638961
10.3198351662
7.81767958128
4.37419599736
1.52241782179
0.124560160357
0.193029889383
1.11806399514
2.09801928789
2.54044639704
2.2713200744
1.5089283208
0.66732100621
0.116745060894
0.0164728534342
0.282059344262
0.673771644329
0.941591983857
0.947295892082
0.71071065233
0.371069946629
0.0975106859808
0.00015224833647
0.0849312784015
0.266903458526
0.426854317819
0.475705119085
0.394669442452
0.234747038363
0.0806634679349
0.00342729504457
0.0259015030263
0.117578143982
0.216880457071
0.266427548318
0.241934961962
0.160637705428
0.0672882690624
0.00819574937065
0.00685142919694
0.0544293577451
0.117992698865
0.159920846603
0.158058772871
