3.86250288487
3.86129902133
3.85769008725
3.85168404137
3.84329411169
3.83253874096
3.81944151077
3.80403104486
3.78634089208
3.76640938992
3.74427950935
3.71999868192
3.69361861028
3.66519506319
3.63478765626
3.6024596198
3.5682775551
3.53231118058
3.49463306931
3.45531837928
3.41444457812
3.37209116363
3.32833938165
3.28327194285
3.23697273982
3.18952656589
3.14101883713
3.09153531873
3.04116185718
2.98998411928
2.93808733916
2.88555607435
2.8324739718
2.77892354474
2.72498596104
2.67074084383
2.6162660849
2.56163767126
2.50692952532
2.45221335899
2.39755854166
2.34303198241
2.28869802624
2.23461836432
2.18085195813
2.12745497711
2.07448074961
2.02197972685
1.96999945918
1.91858458453
1.86777682816
1.81761501341
1.76813508276
1.71937012847
1.6713504324
1.62410351405
1.57765418637
1.53202461859
1.48723443845
1.44330064156
1.4002380021
1.35805882611
1.31677320473
1.27638907215
1.23691229899
1.19834678767
1.16069456921
1.12395590077
1.0881293637
1.05321196139
1.01919921668
0.986085268398
0.953862966547
0.922523965992
0.892058818224
0.862457060976
