12.9623082801
12.9465535756
12.8994308483
12.8213619042
12.7130421557
12.5754282475
12.4097240085
12.2173595964
11.9999690453
11.7593645509
11.4975082968
11.2164841632
10.9184656802
10.6056857571
10.2804066202
9.94488965399
9.60136863509
9.25202248197
8.89895242508
8.54416081279
8.18953334335
7.83682440567
7.48764582458
7.14345827975
6.80556627283
6.47511633145
6.1530970806
5.84034279591
5.53753805568
5.24522582231
4.96381517999
4.69359157682
4.43472716741
4.18729212812
3.95126590374
3.72654836218
3.51297079267
3.3103070088
3.11828224935
2.93658304938
2.76486544999
2.60276253735
2.44989112762
2.30585761133
2.17026305474
2.042707196
1.92279245812
1.8101268069
1.7043257652
1.60501484138
1.51183057719
1.42442218532
1.34245177035
1.26559563758
1.19354413459
1.12600214406
1.06268880743
