15.1864019277
14.9924220081
14.5717425913
14.1835191787
13.8819502548
13.5711428973
13.2094351279
12.8237314309
12.4254253957
12.0098302617
11.5839998135
11.1549823152
10.7229805182
10.2912386013
9.86403476614
9.44225080988
9.02752830379
8.62237237175
8.22743944228
7.84343472794
7.47171238907
7.11257067031
6.76614037312
6.43302810408
6.1132415996
5.80656021428
5.51312734952
5.23274939193
4.96501484733
4.7097898704
4.46676262585
4.23543372036
4.0155134194
3.80663868433
3.60828665275
3.42009438796
3.24168437785
3.07255241876
2.91231152557
2.76059896779
2.6169499944
2.48098425257
2.35236891031
2.23068680396
2.11558317985
2.006759153
1.90385182859
1.80653929704
1.71455721506
1.62759383782
1.54536726635
1.4676445457
1.39416423823
1.32467604553
1.25898314173
1.19686548064
1.13810628545
