132.239405059
131.181609401
128.050422837
122.970093201
116.140002526
107.823708428
98.3345112592
88.0188144318
77.2378858356
66.3496722676
55.6914326052
45.5644444186
36.2214324464
27.8577418953
20.6060890172
14.5355135161
9.65396871004
5.9144193345
3.22351291598
1.45233201148
0.448169328606
0.0465220022485
0.08245831966
0.400693803512
0.86368720182
1.35763093344
1.79575838419
2.11950244608
2.29741805319
2.32193787122
2.2052806831
1.97407418858
1.66386145827
1.31370841677
0.961432299758
0.639747106053
0.373573328374
0.178492488483
0.0604779252065
0.0165969040045
0.036544893192
0.104760195749
0.202811979999
0.311749163211
0.41422250387
0.496179115565
0.547949807521
0.564774943295
0.546714413117
0.498018789437
0.426155540052
0.340571496433
0.251369769942
0.168067135808
0.0985710382552
0.0484048148477
0.0203471241785
