232.132651338
228.964427652
219.674951931
204.889558085
185.58443561
162.996353419
138.5097671
113.535309692
89.3917388401
67.2038079967
47.8259839065
31.7981454389
19.3357366545
10.3526752652
4.51159906425
1.29306948966
0.0745304306065
0.208772091274
1.09321623084
2.22323162246
3.22528159534
3.86912351077
4.06031317431
3.81755711829
3.23989851829
2.46997990387
1.6592263038
0.938904327861
0.401006953948
0.0892973161831
0.000336456459527
0.0925366960739
0.300172251061
0.549316359223
0.772483751334
0.919708136681
0.964885303314
0.906623134077
0.764548814964
0.572360689001
0.36920339958
0.191368932067
0.0656669335527
0.00547972526263
0.00999018213872
0.0660637035675
0.152428442402
0.244760651801
0.320800657817
0.364454708119
0.368178417604
0.333480948486
0.269563020672
0.190631796941
0.112480246121
0.0491882551874
0.0104970723714
