703.420939529
703.155092575
702.358287745
701.032729202
699.182077466
696.811429904
693.927293652
690.537551181
686.651418811
682.279398506
677.433223351
672.125797155
666.371128667
660.18426093
653.581196328
646.578817915
639.194807607
631.447561883
623.356105576
614.940004401
606.219276823
597.214305865
587.945751434
578.434463736
568.701398307
558.767533157
548.653788498
538.380949483
527.969592339
517.44001424
506.81216722
496.105596375
485.339382574
474.53208983
463.701717458
452.865657098
442.040654633
431.242777003
420.487383868
409.789104047
399.161816627
388.618636603
378.171904876
367.833182447
357.613248575
347.522102691
337.568969834
327.762309356
318.109826644
308.6184876
299.294535627
290.143510846
281.170271294
272.379015854
263.773308653
255.356104716
247.129776609
239.096141885
231.256491107
223.611616252
216.161839316
208.907040951
201.84668897
194.979866588
188.305300254
181.821386972
175.526220993
169.417619809
163.49314934
157.750148273
152.185751492
146.796912537
141.580425088
136.532943413
131.651001796
126.931032909
