9.24734172122
9.23891405133
9.21369610867
9.17188195584
9.1137912741
9.0398638618
8.95065218831
8.84681223976
8.72909293573
8.59832442482
8.45540558175
8.30129102886
8.13697799392
7.96349329447
7.78188070951
7.59318896436
7.39846051596
7.1987212862
6.99497145114
6.78817735662
6.57926459549
6.36911225111
6.15854828454
5.94834602031
5.73922166794
5.53183354972
5.32677771571
5.12459555135
4.92576711861
4.73071629855
4.53981194353
4.35337018207
4.17165704462
3.99489133191
3.82324765519
3.65685958443
3.49582284837
3.34019853778
3.19001627013
3.04527728102
2.90595741388
2.77200998532
2.6433685088
2.51994926398
2.40165370332
2.28837069099
2.17997857245
2.07634707534
1.97733904484
1.88281201801
1.79261964344
1.70661295309
1.62464149441
1.54655433101
1.4722009207
1.40143187964
1.33409964148
