3.19573064152
3.19498623705
3.19275417616
3.18903791331
3.18384319531
3.17717804551
3.16905274165
3.15947978764
3.14847387923
3.1360518638
3.1222326944
3.10703737822
3.09048891971
3.07261225854
3.05343420273
3.0329833571
3.01129004739
2.98838624029
2.96430545976
2.93908269979
2.91275433408
2.88535802276
2.85693261638
2.82751805731
2.7971552781
2.76588609542
2.73375309464
2.70079948681
2.66706884912
2.63262458633
2.59747304611
2.5616805648
2.5252881367
2.48834735408
2.45090132362
2.41299427953
2.37467164466
2.3359779336
2.29695749551
2.25765423436
2.21811152855
2.17837214521
2.13847815626
2.09847087341
2.0583907811
2.01825229211
1.97814343137
1.93807782848
1.89809207132
1.85822164688
1.81850089959
1.77896299397
1.73963988146
1.70056227157
1.6617596072
1.62324719661
1.58507797416
