3.42934133403
3.42847032446
3.42585878019
3.4215111499
3.415434833
3.40764015693
3.39814034567
3.38695147949
3.37409244606
3.35958488321
3.34345311366
3.32572407189
3.30642722345
3.28559447731
3.2632600913
3.23946057135
3.21423456473
3.18762274793
3.15966770961
3.13041382898
3.09990715038
3.06819525432
3.03532712571
3.00135301965
2.96632432551
2.93029342959
2.89331357716
2.85543873416
2.8167234493
2.77722271688
2.73699184096
2.6960863013
2.65456162146
2.61247323973
2.56987638299
2.52682594415
2.48337636345
2.43958151391
2.39549459133
2.35116800912
2.30665329811
2.26200101177
2.2172606368
2.17248050949
2.12770773778
2.08298812932
2.03836612546
1.99388474132
1.94958551188
1.90550844418
1.86169197552
1.81817293766
1.77498652691
1.73216627997
1.68974405553
1.64775002134
1.60621264663
