54.3423421415
54.0205699192
53.0660780897
51.5108148812
49.4063040953
46.8211659203
43.837856711
40.5488037191
37.0521736293
33.4475034555
29.8314276041
26.2937589386
22.9140769646
19.7590368532
16.8804705317
14.3143700535
12.0807492841
10.184322105
8.61592938992
7.35455664706
6.36979906388
5.62457205193
5.07791183003
4.68764996432
4.41290712328
4.2161118404
4.0646281959
3.93184214538
3.79770774834
3.64880533679
3.47794092148
3.2833789718
3.06781232482
2.83717270424
2.59938847212
2.36318683706
2.13703800822
1.92828727123
1.74253502929
1.58326676095
1.45174521855
1.3471194696
1.26672937923
1.20654456881
1.1616800025
1.12692999612
1.09727676688
1.0683181063
1.03658901863
0.999762158404
0.956707695864
0.907447337164
0.852983202406
0.79506800035
0.735916757161
0.677910702501
0.62331343448
