5.40058698119
5.39830223294
5.39145469758
5.38006446694
5.3641649067
5.34380247628
5.31903647878
5.28993874303
5.25659324024
5.2190956384
5.17755279801
5.13208221305
5.08281140178
5.02987725193
4.9734253255
4.91360912835
4.85058935012
4.78453308014
4.715613005
4.64400659347
4.56989527456
4.4934636142
4.41489849616
4.33438831239
4.25212216782
4.16828910455
4.08307734976
3.99667359156
3.90926228653
3.82102500244
3.73213979893
3.64278064901
3.55311690333
3.46331279893
3.37352701404
3.28391226947
3.19461497737
3.10577493732
3.01752507952
2.92999125446
2.84329206814
2.7575387616
2.67283513319
2.58927750194
2.50695470994
2.42594816167
2.34633189787
2.26817270166
2.19153023425
2.11645719771
2.04299952221
1.971196575
1.90108138856
1.83268090533
1.76601623639
1.70110293176
1.63795125977
