4.25426075106
4.25291032509
4.24886193362
4.24212422482
4.23271157533
4.22064403509
4.20594725038
4.18865236584
4.16879590567
4.14641963491
4.12157040157
4.09429996036
4.0646647791
4.03272582893
3.99854835936
3.9622016594
3.9237588062
3.88329640237
3.84089430344
3.79663533698
3.75060501463
3.70289123874
3.65358400486
3.6027751018
3.55055781046
3.49702660308
3.44227684415
3.38640449442
3.32950581934
3.27167710311
3.21301436955
3.15361311103
3.09356802626
3.03297276823
2.97191970285
2.9104996794
2.84880181324
2.78691328159
2.7249191328
2.66290210957
2.60094248649
2.53911792213
2.47750332582
2.41617073927
2.35518923297
2.29462481723
2.23454036782
2.1749955659
2.11604685192
2.05774739317
2.00014706452
1.94329244187
1.88722680781
1.83199016891
1.77761928402
1.72414770298
1.67160581504
