465.619822908
465.502124058
465.149247368
464.561851619
463.741032119
462.688316729
461.40566033
459.895437766
458.1604353
456.203840636
454.029231557
451.640563253
449.042154401
446.238672076
443.235115586
440.036799301
436.649334591
433.078610944
429.33077639
425.412217313
421.329537761
417.089538356
412.699194917
408.165636881
403.496125643
398.698032902
393.778819113
388.746012146
383.607186231
378.369941282
373.041882682
367.630601597
362.143655905
356.588551787
350.972726049
345.303529237
339.588209566
333.833897738
328.047592647
322.236148031
316.406260079
310.564455999
304.717083581
298.870301742
293.030079624
287.202159666
281.392093978
275.605211035
269.846617769
264.121195851
258.433598861
252.788250308
247.189342478
241.640836067
236.146460558
230.709715319
225.333871366
220.021973748
214.776844533
209.601086323
204.497086276
199.467020587
194.512859379
189.636371968
184.839132464
180.122525653
175.487753142
170.935839707
166.467639827
162.083844353
157.78498729
153.571452651
149.443481362
145.401178181
141.444518614
137.573355789
