1316.02928419
1172.56858361
817.637824607
423.182269881
140.901786904
18.4405439097
5.13711187385
21.8275420381
23.8366938601
11.8601611528
3.05743360432
3.76744947091
7.29181806748
6.97564296663
3.79505461243
2.11800212298
3.0306128506
4.05889305632
3.44099873356
2.16084227394
1.84329595849
2.42009934733
2.66452572156
2.13093043115
1.56268133844
1.59486512553
1.90451536693
1.863907698
1.47369257605
1.23395364198
1.34412032541
1.47870356837
1.34364868913
1.08580171238
1.00761513042
1.1089886389
1.13656416539
0.988294007834
0.835413824007
0.834278828754
0.901621617867
0.870148468786
0.742424013597
0.664178633336
0.692636958498
0.723491792754
0.665454406293
0.571002585949
0.542346152505
0.574502054839
0.575720878447
0.512060778901
0.451288583152
0.450903743196
0.474370465042
0.455162788957
0.398871527923
