2.13811924556
2.13777218164
2.13673137388
2.13499797343
2.13257389634
2.12946181966
2.12566517611
2.12118814717
2.11603565473
2.11021335123
2.10372760846
2.09658550484
2.08879481141
2.08036397654
2.07130210922
2.06161896133
2.05132490851
2.04043093014
2.02894858804
2.01689000437
2.00426783843
1.99109558019
1.97738593803
1.96315398812
1.94841397329
1.93318086372
1.91747001214
1.90129712609
1.88467823979
1.86762968574
1.85016806608
1.83231022379
1.81407321389
1.79547427449
1.77653079811
1.75726030292
1.73768040436
1.71780878694
1.69766317641
1.67726131231
1.65662092099
1.63575968916
1.61469523797
1.59344509774
1.57202668338
1.5504572705
1.52875397226
1.50693371707
1.4850132271
1.46300899767
1.4409372775
1.41881404996
1.39665501521
1.37447557331
1.35229080837
1.33011547362
1.30796397758
1.28585041959
1.26378838517
1.24179122304
1.21987184431
1.19804276125
1.17631607945
1.15470349108
1.13321626903
1.1118652621
1.09066089106
1.06961314572
1.04873158283
1.02802532492
1.00750299859
0.987172979488
0.967043028398
0.947120535784
0.927412464239
0.907925352002
