121.139842754
120.275076881
117.711586326
113.540213851
107.907330579
101.007665653
93.0747875723
84.3698557963
75.16940469
65.7526317485
56.389164524
47.3276671043
38.7862017214
30.9445750088
23.9390880704
17.8598595387
12.7507243975
8.61152902102
5.40260425104
3.05092291903
1.45749357739
0.50550424998
0.0685889202603
0.0187610071812
0.233558979413
0.602016538794
1.02921281158
1.43926812988
1.7767320195
2.0064871106
2.11232157889
2.09442424371
1.96611163962
1.7501202283
1.47478491405
1.1703685092
0.865875937807
0.586441814318
0.351503024599
0.173718419495
0.0587043887339
0.0054355117913
0.00722232435402
0.0530815417635
0.129344795992
0.221314213452
0.314813252314
0.3975054729
0.459861755418
0.495766479614
0.502712678054
0.481618607025
0.436329212911
0.372889642541
0.298690826053
0.221536621571
0.14881522914
