346.357634312
346.29901297
346.12321688
345.830449697
345.421050372
344.895492431
344.254382979
343.49846142
342.628597902
341.645791491
340.551168079
339.345978036
338.031593604
336.609506059
335.081322625
333.448763174
331.713659372
329.877940412
327.943644738
325.912905638
323.787949526
321.571091524
319.264730898
316.871346364
314.393491283
311.833788745
309.194926577
306.479652266
303.690767833
300.83112465
297.903618237
294.911183032
291.856787167
288.743427242
285.574123135
282.351912839
279.079847351
275.760985623
272.398389587
268.995119263
265.554227961
262.078757591
258.57173409
255.036162973
251.475025015
247.891272078
244.28782309
240.667560173
237.033324939
233.387914954
229.73408037
226.07452074
222.41188201
218.748753698
215.087666254
211.431088612
207.781425925
204.141017502
200.512134915
196.896980312
193.297684904
189.716307645
186.154834092
182.615175447
179.099167771
175.608571379
172.145070395
168.710272481
165.305708721
161.93283366
158.593025492
155.287586398
152.017743012
148.784647029
145.589375933
142.432933847
