3.92240924573
3.92104283537
3.91694725061
3.91013341077
3.90061944958
3.88843061806
3.87359914973
3.85616408939
3.83617108691
3.81367215787
3.78872541299
3.7613947588
3.73174957199
3.69986435006
3.66581834127
3.6296951567
3.5915823676
3.55157109099
3.50975556672
3.46623272903
3.42110177562
3.37446373729
3.32642105085
3.27707713817
3.22653599376
3.1749017835
3.12227845643
3.06876956401
3.01447694347
2.95950230182
2.9039449769
2.84790260163
2.7914706372
2.73474212099
2.67780743752
2.62075411262
2.56366663095
2.50662627668
2.44971099708
2.39299528857
2.33655010461
2.28044278469
2.22473700372
2.1694927407
2.11476626581
2.06061014489
2.00707325993
1.9542008448
1.90203453469
1.85061242823
1.79996916113
1.75013599005
1.70114088556
1.65300863308
1.60576094073
1.55941655285
1.51399136841
1.46949856311
1.4259487144
1.38334992848
1.34170796856
1.30102638346
1.26130663606
1.22254823085
1.18474884002
1.14790442764
1.11200937139
1.07705658149
1.04303761644
1.00994279535
0.977761306472
0.946481311858
0.916090047891
0.886573921588
0.85791860259
0.830109110756
