3.9143190089
3.9131040851
3.90946194825
3.90340049133
3.89493283411
3.88407727058
3.87085719577
3.85530101246
3.83744201828
3.81731827399
3.79497245355
3.77045167709
3.74380732759
3.71509485244
3.68437355106
3.65170634973
3.61715956495
3.58080265674
3.54270797312
3.50295048737
3.46160752925
3.41875851192
3.37448465569
3.32886871027
3.28199467674
3.2339475308
3.18481294841
3.13467703526
3.0836260613
3.03174620137
2.97912328312
2.92584254326
2.871988393
2.81764419355
2.76289204251
2.70781257181
2.65248475764
2.59698574319
2.54139067419
2.48577254798
2.43020207597
2.37474755991
2.31947478182
2.26444690771
2.20972440485
2.15536497247
2.10142348572
2.04795195238
1.99499948216
1.94261226804
1.8908335792
1.83970376506
1.78926026983
1.73953765705
1.69056764342
1.6423791414
1.59499830986
1.54844861216
1.50275088097
1.45792338926
1.41398192665
1.37093988066
1.32880832208
1.28759609389
1.24730990319
1.20795441543
1.16953235052
1.13204458018
1.0954902261
1.05986675838
1.02517009388
0.991394693917
0.958533661113
0.926578834892
0.895520885361
0.865349405282
