5.04715657532
5.0446202014
5.03702206154
5.02439498934
5.00679333785
4.9842924368
4.95698784945
4.924994442
4.88844528365
4.84749039814
4.80229538853
4.75303995817
4.6999163517
4.64312773978
4.58288657073
4.5194129112
4.45293279667
4.38367661114
4.31187751292
4.23776992204
4.16158808213
4.08356470785
4.0039297263
3.92290911946
3.84072387192
3.75758902703
3.67371285239
3.58929611428
3.50453145935
3.41960290052
3.33468540313
3.24994456667
3.16553639652
3.08160715987
2.99829331949
2.91572153875
2.83400875147
2.75326228969
2.67358006303
2.59505078309
2.51775422685
2.44176153303
2.36713552591
2.29393106136
2.22219539016
2.15196853413
2.08328367094
2.01616752386
1.95064075311
1.88671834576
1.82441000161
1.76372051266
1.70465013428
1.6471949463
1.5913472027
1.53709566865
1.48442594416
1.43332077337
1.38376033931
1.33572254355
1.28918327063
1.24411663736
1.20049522687
1.15829030782
1.11747203884
1.07800965873
1.03987166273
1.00302596535
0.967440050287
0.93308110797
0.899916161236
0.867912179787
0.837036183971
0.807255338478
0.778537036497
0.750848974969
