251.054059713
247.349718531
236.508612788
219.318777811
197.00387311
171.100885507
143.309240215
115.330882948
88.7184570915
64.7488744431
44.3350596482
27.9830157693
15.7957836212
7.5194543011
2.62225700384
0.393346754706
0.0478036141042
0.823777728579
2.06164063442
3.25657599021
4.08307442346
4.39149340971
4.18207045236
3.56380908676
2.70654814944
1.79447496202
0.987886932619
0.39746304825
0.0728670387929
0.00477487306548
0.137541041728
0.388191921048
0.667264394443
0.897241262034
1.02561550487
1.03101051106
0.922172848027
0.731295165128
0.503590638688
0.286058085579
0.117358215072
0.0209376968663
0.00226919050341
0.0500660017979
0.140850718799
0.245452874116
0.335800030289
0.390711119243
0.399480802938
0.362860753411
0.291536742695
0.202663583861
0.115406898579
0.0466271466519
0.00750322214217
0.00167977818506
0.0253379622039
