598.830235285
598.642334664
598.079056532
597.141670264
595.832285455
594.153842903
592.11010208
589.705625167
586.945757748
583.836606307
580.385012665
576.598525519
572.485369276
568.054410377
563.315121319
558.277542607
552.952242868
547.350277366
541.48314518
535.362745279
529.001331769
522.411468548
515.605983641
508.597923448
501.400507159
494.02708156
486.49107647
478.805961016
470.985200954
463.042217219
454.990345892
446.84279974
438.612631475
430.312698857
421.955631773
413.553801358
405.119291273
396.663871174
388.198972437
379.735666163
371.284643477
362.856198133
354.460211391
346.106139158
337.803001353
329.559373425
321.383379987
313.282690482
305.264516806
297.335612793
289.502275482
281.770348055
274.14522435
266.631854838
259.234753961
251.958008709
244.80528834
237.77985512
230.884575978
224.121934964
217.494046413
211.002672347
204.649218483
198.434785373
192.360146875
186.425783579
180.63189447
174.978412308
169.46501899
164.091160832
158.856063709
153.758747993
148.79804324
143.97260258
139.280916765
134.721327841
