3.54562807792
3.54464224272
3.54168663997
3.53676697143
3.52989271752
3.52107710365
3.51033705333
3.49769312835
3.48316945632
3.46679364591
3.44859669031
3.42861285946
3.40687958141
3.38343731371
3.35832940528
3.33160194957
3.30330362971
3.27348555652
3.24220110005
3.20950571559
3.17545676501
3.14011333415
3.10353604732
3.0657868796
3.02692896791
2.98702642169
2.9461441339
2.90434759339
2.86170269915
2.81827557744
2.77413240235
2.72933922056
2.68396178099
2.63806536981
2.5917146515
2.54497351639
2.4979049352
2.45057082092
2.40303189848
2.35534758244
2.30757586298
2.25977320046
2.21199442852
2.16429266612
2.11671923824
2.0693236055
2.02215330256
1.97525388525
1.92866888619
1.88243977902
1.83660595067
1.79120472284
1.74627115916
1.70183834945
1.65793724576
1.61459663323
1.57184322706
1.52970167022
1.48819456123
1.4473424874
1.40716406294
1.36767597158
1.3288930134
1.29082815541
1.25349258544
1.21689576902
1.18104550881
1.14594800629
1.11160792524
1.07802845671
1.04521138521
1.01315715559
0.981864940605
0.951332708577
0.921557291058
0.892534450184
