5.878603558
5.87586773432
5.86766915832
5.85403446152
5.83500785175
5.8106508477
5.78104191077
5.74627597748
5.7064638967
5.66173177673
5.61222024811
5.55808364864
5.49948913778
5.43661574806
5.36965338176
5.29880176109
5.2242693408
5.14627219198
5.06503286599
4.98077924738
4.89374340452
4.80416044658
4.71226739486
4.61830207647
4.52250204763
4.4251035535
4.32634053077
4.22644365873
4.12563946382
4.02414948205
3.9221894829
3.8199687577
3.71768947482
3.61554610313
3.51372490483
3.41240349777
3.31175048705
3.21192516489
3.11307727749
3.01534685674
2.91886411464
2.82374939741
2.73011321715
2.63805621278
2.54766947057
2.45903447751
2.3722234264
2.28729943499
2.20431681964
2.1233213987
2.04435082177
1.96743492063
1.89259607825
1.81984961196
1.74920416741
1.68066211984
1.6142199795
