4.31275893203
4.31101626256
4.30579392866
4.29710891455
4.2849893967
4.26947454959
4.25061427719
4.22846887317
4.20310861403
4.17461328988
4.14307167821
4.10858096673
4.07124613161
4.03117927787
3.98849894886
3.94332941203
3.89579992786
3.84604400913
3.79419867723
3.74040372199
3.68480097132
3.62753357625
3.56874531682
3.50857993343
3.44718048801
3.38468875853
3.32124467014
3.25698576527
3.19204671481
3.12655887165
3.06064986768
2.99444325444
2.92805818756
2.86160915447
2.7952057445
2.72895246027
2.66294876903
2.59728799138
2.5320592278
2.46734531712
2.40322382844
2.33976688191
2.27704119683
2.21510816447
2.15402394319
2.09383957357
2.03460111111
1.97634977426
1.91912210557
1.8629501439
1.80786160565
1.75388007307
1.70102518806
1.64931284965
1.5987554137
1.54936189346
1.50113815973
1.45408713945
1.40820901176
1.3635014005
1.31995956265
1.27757657163
1.23634349532
1.19624956792
1.1572823556
1.11942791533
1.08267094695
1.04699493801
1.01238230159
0.978814506765
0.94627220193
0.914735330949
0.884183242216
0.85459479077
0.825948433618
0.798222318439
