669.001720962
668.755924663
668.019209265
666.793591639
665.082421193
662.890361908
660.223367415
657.088649317
653.494639017
649.450943401
644.968294723
640.058495119
634.734356207
629.009634265
622.898961499
616.417773951
609.582236601
602.409166232
594.915952632
587.120478708
579.041040066
570.696264623
562.105032767
553.286398593
544.259512693
535.043546937
525.6576217
516.120735879
506.451700073
496.669073212
486.791102913
476.835669765
466.820235746
456.761796883
446.676840274
436.581305524
426.490550609
416.419322158
406.381730114
396.391226678
386.460589449
376.601908609
366.826578021
357.145290041
347.568033879
338.104097288
328.762071374
319.549858298
310.47468165
301.543099255
292.761018181
284.13371172
275.665838098
267.361460719
259.224069689
251.256604437
243.461477218
235.840597306
228.3953957
221.126850167
214.035510462
207.121523583
200.384658917
193.824333157
187.439634884
181.229348691
175.191978792
169.325772012
163.628746247
158.09868766
152.733201136
147.529732437
142.485554379
137.597810772
132.8635274
128.279628475
