93.4063628937
92.8919409948
91.36281448
88.8608619376
85.4540778735
81.2340130935
76.3122791164
70.8163899375
64.8850569885
58.6631825058
52.2967632035
45.9278991021
39.6901558227
33.7044767081
28.0756944864
22.8899406989
18.2128867567
14.0888890099
10.5410863492
7.57231044774
5.1667646401
3.29238614452
1.90364853264
0.944733318084
0.352858218483
0.0616021305191
0.00406101687928
0.115741188184
0.337020843663
0.615117193531
0.905519225343
1.17285831853
1.39121812586
1.54391883197
1.62287649452
1.62757084373
1.5637399239
1.44191445982
1.27586191036
1.08107915351
0.87337453607
0.667643199341
0.476875274687
0.311432401095
0.178598148968
0.0824150144634
0.0237701007158
0.000695764116245
0.00885542418212
0.0421270923202
0.0932774638276
0.154611841161
0.218619827985
0.278516471398
0.328672556635
0.364934617237
0.384775016015
