6.66625175038
6.66263170275
6.65178556076
6.63375522522
6.60861019231
6.57644704978
6.5373887796
6.49158387472
6.43920527964
6.38044916667
6.31553356079
6.24469682822
6.16819604455
6.08630525951
5.9993136763
5.90752376369
5.8112493197
5.71081350539
5.60654686717
5.49878536583
5.38786842923
5.27413704547
5.15793191164
5.03959165248
4.91945112175
4.79783979774
4.67508028273
4.55148691487
4.42736449906
4.30300716199
4.17869733499
4.05470486658
3.93128626533
3.8086840723
3.68712636073
3.56682635989
3.44798219867
3.3307767635
3.21537766467
3.10193730417
2.99059303769
2.88146742315
2.77466854752
2.67029042399
2.56841345085
2.4691049242
2.37241959604
2.27840027008
2.18707842751
2.09847487548
2.01260041147
1.92945649703
1.84903593508
1.7713235451
1.69629683147
1.62392664039
1.55417780156
