221.815971434
218.789254095
209.914713073
195.789649968
177.346779011
155.767576343
132.374642989
108.515620554
85.4503433779
64.2533499359
45.7409167964
30.4288076259
18.5228821279
9.94092937237
4.36051661612
1.28552367873
0.121173600318
0.24917650188
1.09385842348
2.17312764304
3.13015521438
3.74493993864
3.92728710672
3.695083717
3.14289999313
2.40706218084
1.63216693428
0.943668517063
0.429435133341
0.131271758351
0.0459143415041
0.13360578473
0.331593146875
0.569217579412
0.781987608417
0.922233198691
0.964975333136
0.908892120007
0.772743506052
0.5887020735
0.394186923952
0.22385194023
0.10330657711
0.0453728158517
0.049217827955
0.102340196012
0.184380218205
0.272127436811
0.344311746774
0.385551846282
0.388651458293
0.355053187974
0.293536391958
0.217667934137
0.142546589139
0.0816209420372
0.0442017295047
