3.18476818767
3.18391853609
3.18137123658
3.17713124856
3.17120681709
3.163609442
3.15435383498
3.14345786479
3.13094249099
3.11683168651
3.1011523496
3.08393420553
3.06520969878
3.04501387612
3.02338426147
3.00036072301
2.9759853335
2.95030222433
2.92335743432
2.89519875388
2.86587556546
2.83543868106
2.80394017765
2.77143323125
2.73797195052
2.7036112107
2.66840648844
2.6324136986
2.5956890334
2.55828880475
2.5202692904
2.48168658443
2.44259645272
2.40305419375
2.36311450539
2.3228313579
2.28225787361
2.24144621352
2.20044747115
2.15931157375
2.11808719112
2.07682165203
2.03556086853
1.99434926783
1.95322973206
1.91224354565
1.87143035023
1.83082810702
1.79047306646
1.75039974486
1.71064090792
1.67122756076
1.63218894431
1.59355253768
1.55534406617
1.51758751472
1.48030514639
1.44351752549
1.40724354512
1.37150045865
1.33630391498
1.30166799698
1.26760526298
1.23412679091
1.20124222471
1.16895982275
1.13728650792
1.10622791914
1.07578846396
1.04597137192
1.01677874857
0.988211629767
0.960270036073
0.932953027012
0.906258755039
0.880184518978
