4.8990764811
4.89727340631
4.89186866419
4.88287568142
4.87031676895
4.85422302209
4.83463418173
4.81159845732
4.78517231309
4.75542021862
4.72241436563
4.68623435271
4.6469668401
4.6047051766
4.55954900127
4.51160382208
4.46098057444
4.40779516217
4.35216798379
4.29422344688
4.23408947356
4.17189699973
4.10777947119
4.04187233923
3.97431255858
3.9052380904
3.83478741281
3.76309904148
3.6903110626
3.61656068045
3.54198412296
3.46671451701
3.39088490569
3.31462445811
3.23805982391
3.16131446312
3.08450834246
3.00775765726
2.93117457967
2.85486703341
2.77893849524
2.70348782314
2.62860911103
2.55439156965
2.48091943318
2.40827189078
2.33652304255
2.26574187881
2.1959922818
2.12733304869
2.05981793482
1.99349571583
1.92841026741
1.86460066152
1.80210127744
1.74094192656
1.68114798929
