5.70935078167
5.70675054668
5.69895816429
5.6859985527
5.66791307738
5.64475930538
5.61661066452
5.5835560104
5.54569910538
5.50315801389
5.45606441962
5.40456287065
5.3488099588
5.28897344067
5.22523130747
5.15777081169
5.0867874585
5.01248397011
4.93506923123
4.85475722391
4.77176595973
4.68631641723
4.59863149212
4.50893496758
4.41745051133
4.32440070585
4.23000611772
4.13448441102
4.03804950981
3.94091081347
3.84327246846
3.74533269932
3.64728320087
3.54930859336
3.45158594134
3.35428433665
3.25756454516
3.16157871671
3.06647015679
2.97237315831
2.8794128914
2.7877053487
2.69735734335
2.6084665566
2.52112163187
2.43540231157
2.35137961341
2.26911604219
2.18866583366
2.1100752265
2.03338275889
1.95861958599
1.88580981476
1.81497085282
1.74611376797
1.67924365539
1.61436000945
