7.74033935451
7.73544754835
7.72079409426
7.69644470032
7.66250826569
7.61913596739
7.5665199983
7.50489197268
7.43452101924
7.35571158601
7.26880098432
7.17415670213
7.07217351931
6.96327045938
6.84788761329
6.72648287157
6.59952860139
6.46750830446
6.33091329081
6.19023940211
6.04598381612
5.89864196175
5.7487045715
5.59665489512
5.44296609525
5.28809884267
5.13249912519
4.97659628111
4.82080126463
4.66550514761
4.51107785871
4.35786715815
4.2061978438
4.05637118143
3.90866455025
3.76333129264
3.62060075549
3.48067850928
3.34374672992
3.20996472778
3.07946960786
2.95237704461
2.82878215547
2.70876045681
2.59236888705
2.47964688178
2.37061748688
2.26528849627
2.16365360199
2.06569354526
1.97137725831
1.8806629879
1.7934993923
1.70982660498
1.62957725898
1.55267746712
1.47904775412
