1502.68465202
1298.07994659
817.435620617
342.066704737
70.7437022065
3.89152210293
21.5963576119
28.9931875938
14.3534502924
3.86088047988
6.20170649503
9.5877098021
6.96018426929
3.44503780025
3.74143065017
5.2474391676
4.57196570867
2.96042703062
2.82034169663
3.54948043405
3.36440870528
2.49190692233
2.25711070515
2.62569043334
2.59176455109
2.07106659787
1.83412210722
2.02155869314
2.03804688276
1.71105746233
1.4988968018
1.58705306835
1.61989508946
1.40906790655
1.23032658731
1.26500572129
1.29993645399
1.16162059961
1.01335961176
1.01737620149
1.04974620238
0.959534589529
0.839126842687
0.82577942345
0.854216882877
0.796455286238
0.69852192792
0.676153127165
0.699157005163
0.663743571094
0.586019598572
0.558796972396
0.576267237624
0.555629519311
0.493991605787
0.464357166201
0.477532648814
