607.171374839
582.574702719
513.702473713
413.941837184
301.504174949
194.692318816
107.573920045
47.32027929
13.8199608078
1.3688730888
1.58459306421
6.41558601441
10.2747603849
10.8053898667
8.36222305744
4.729994138
1.75577089664
0.439907936865
0.709683302082
1.76442726376
2.66907240665
2.85157934286
2.2905136011
1.38135834913
0.624837049901
0.335373998598
0.514176263377
0.914892217562
1.2267679097
1.25581786855
1.00653552
0.641422805823
0.361169612545
0.286310607538
0.403373511515
0.594697953812
0.721404460295
0.704638001925
0.561566180475
0.37913386453
0.255902992201
0.243033198137
0.32186653167
0.424069231469
0.477722927744
0.448826336048
0.356287988454
0.254088817126
0.195786853791
0.203218332922
0.257678798155
0.315469921846
0.336309814951
0.306187300499
0.242952617139
0.18225749027
0.15473080804
