4.08737767997
4.0860806306
4.0821923278
4.07572129603
4.06668170454
4.05509331042
4.04098137922
4.0243765838
4.00531488202
3.98383737379
3.9599901386
3.93382405436
3.90539459867
3.87476163358
3.84198917529
3.80714514994
3.77030113699
3.73153210162
3.69091611759
3.64853408221
3.60446942482
3.55880781048
3.51163684035
3.46304575029
3.41312510926
3.36196651902
3.30966231649
3.25630528024
3.20198834242
3.14680430744
3.09084557849
3.03420389315
2.97697006895
2.91923375999
2.86108322535
2.80260511003
2.7438842391
2.68500342566
2.62604329289
2.56708211072
2.50819564726
2.44945703515
2.39093665297
2.33270202154
2.27481771515
2.21734528743
2.16034321164
2.10386683497
2.04796834652
1.9926967585
1.93809790009
1.88421442336
1.83108582077
1.77874845351
1.72723559005
1.6765774542
1.62680128198
