7.06201392182
7.057320208
7.04326431456
7.01992169508
6.98741714348
6.94592337134
6.89565905644
6.83688640108
6.76990824779
6.69506480726
6.6127300593
6.5233078913
6.42722804141
6.32494191364
6.21691833119
6.10363929191
5.98559578544
5.86328372692
5.7372000564
5.60783904631
5.47568885295
5.34122834067
5.20492420068
5.06722837958
4.9285758265
4.7893825615
4.65004406294
4.51093396643
4.3724030641
4.23477858949
4.09836377042
3.96343763029
3.83025501667
3.69904683487
3.5700204641
3.44336033337
3.31922863493
3.19776615361
3.07909319135
2.96331056752
2.85050067658
2.7407285866
2.63404316307
2.53047820448
2.43005357721
2.33277633923
2.23864184321
2.1476348111
2.05973037378
1.9748950703
1.8930878025
1.81426074186
1.73836018624
1.66532736507
1.59509919236
1.52760896726
1.46278702285
