9.09361755432
9.08664331256
9.06575930948
9.03108130239
8.98280086238
8.92118336107
8.84656519831
8.75935031588
8.66000671844
8.54905906117
8.42708742882
8.29471894283
8.15262239664
8.00150195083
7.84209065665
7.67514389813
7.50143284048
7.32173796942
7.13684280034
6.94752783021
6.75456479772
6.55871130873
6.36070587548
6.16126340875
5.96107119275
5.76078536352
5.56102790216
5.36238414622
5.16540081402
4.97058452983
4.778400831
4.58927363284
4.403585122
4.22167604548
4.04384635956
3.87035620074
3.70142713979
3.53724367947
3.37795495696
3.22367661275
3.07449278946
2.9304582257
2.79160041268
2.6579217835
2.52940190808
2.40599966948
2.28765540007
2.17429295945
2.06582173816
1.9621385747
1.86312957547
1.76867182984
1.67863501497
1.59288288671
1.51127465514
1.43366624452
1.35991143912
