10.8027204791
10.7558100719
10.6247748782
10.4342746669
10.2131959168
9.98362491676
9.75515298526
9.52638624599
9.2911880766
9.0450440162
8.78800992821
8.52371060143
8.25643119969
7.9888924581
7.72196695766
7.45580678795
7.19099987986
6.92883329416
6.67074521341
6.41770237972
6.1700743908
5.92798226121
5.69168808352
5.46167255431
5.23840654853
5.02212707258
4.81281757763
4.61038654297
4.4148269625
4.22622554436
4.0446335882
3.86997240257
3.7020525161
3.54067914983
3.38572025395
3.2370889638
3.09466672536
2.95826210747
2.82763990485
2.70258512067
2.58293081197
2.46853281923
2.35922059989
2.25478454405
2.15500428891
2.05968604729
1.96867144594
1.88181167732
1.79893800369
1.71986264737
1.64440104151
1.57239652882
1.50371470748
1.43822352336
1.37577626171
1.31621908833
1.25940823836
1.20522215266
1.15355421521
1.10429491341
1.05732503397
1.0125247979
0.969786398743
0.92901897043
0.890140331533
0.85306254764
0.817692268841
0.783938825295
0.751724223174
0.720982049685
0.691648132557
0.663654394264
0.636929227843
0.611406379805
0.587030430971
0.563751957287
