13.0229128044
13.0070085584
12.9594385519
12.8806286213
12.771280754
12.6323613139
12.4650857016
12.2708985146
12.0514505433
11.8085734653
11.5442509897
11.2605893939
10.9597873308
10.6441041703
10.3158295165
9.97725331825
9.63063709372
9.27818856151
8.9220365934
8.56421043804
8.20662156615
7.85104825227
7.49912378115
7.15232820862
6.81198252265
6.47924677418
6.15511994017
5.84044389528
5.53590743313
5.24205455024
4.95929262977
4.68790280542
4.42805053867
4.17979729779
3.9431117442
3.71788229237
3.5039274791
3.30100742085
3.10883426164
2.92708102805
2.7553907847
2.59338429066
2.44066687742
2.29683443462
2.16147853829
2.03419085534
1.91456634651
1.80220681449
1.69672290603
1.59773570729
1.50487847226
1.41779747086
1.33615280295
1.25961883956
1.18788461568
1.12065357665
1.05764406176
