56.2826853083
55.8854064027
54.710171457
52.8057719239
50.2502304168
47.1460993869
43.6143869499
39.7875270335
35.8019250429
31.7905489747
27.8761528325
24.1654731534
20.744818514
17.6772297867
15.001352954
12.7319483336
10.8618864738
9.36539325864
8.20216554941
7.3220096329
6.66958592858
6.18890524986
5.82725813464
5.53834256748
5.28442958148
5.03752152128
4.77953204117
4.50160884623
4.20278637374
3.88814229693
3.56675097012
3.24961854675
2.94780057346
2.67086971782
2.42583450398
2.21652580298
2.04348260476
1.90423211424
1.79391010273
1.70607949072
1.63362723063
1.56963418819
1.50811012711
1.44452457269
1.37610360986
1.3018739908
1.22249209036
1.13989344534
1.0568361697
0.976394215201
0.90148164634
0.834448592886
0.77680701695
0.729087575642
0.690848802813
0.660807393251
0.637069148659
