163.338731094
161.767903929
157.130713115
149.64797703
139.671353141
127.66008079
114.151044613
99.7247329041
84.9691590171
70.4452885861
56.6555867834
44.0186303836
32.8509365209
23.3570516866
15.6282202952
9.64894577247
5.31060237479
2.43022616858
0.772689478962
0.0742213991975
0.0651509266209
0.490208971311
1.12496496003
1.7874204046
2.34436179354
2.71270930853
2.85615882675
2.77830359664
2.5131648137
2.11453641846
1.64523989514
1.16750338302
0.735014407663
0.38764168838
0.148515393163
0.0237098180891
0.00410825080806
0.0688331690431
0.189632533084
0.33559588153
0.477509336408
0.591392685122
0.660903762458
0.678407400733
0.644797002203
0.568214760828
0.461989551994
0.342153760536
0.224884498526
0.124266476621
0.0505662934648
0.00926210992362
0.000821468850334
0.0211533601864
0.0626800613329
0.115758583501
0.170228659411
