12.2124009615
12.1986351531
12.1574546472
12.0892082788
11.9944711587
11.8740349954
11.7288957731
11.5602376816
11.3694141469
11.1579277534
10.9274068348
10.6795825705
10.416263516
10.1393114058
9.85061666847
9.55207479243
9.24556428155
8.93292509066
8.61594100229
8.29632234848
7.97569101434
7.65556988706
7.33737208837
7.02239499225
6.71181472745
6.40668413492
6.10793216013
5.81636533557
5.53267073528
5.25742026877
4.99107634508
4.73399826672
4.48644935167
4.24860452674
4.02055819942
3.80233223569
3.59388389403
3.39511358856
3.20587234786
3.02596913409
2.85517707157
2.69324030334
2.53987933934
2.39479645315
2.25768035571
2.12821042257
2.00606063519
1.89090250193
1.78240827328
1.68025313806
1.58411737253
1.49368810922
1.40866067184
1.32873959992
1.2536396293
1.18308633711
1.11681637683
