3.87223761437
3.87112285209
3.86778072257
3.86221769027
3.85444450433
3.8444761612
3.8323318526
3.81803489917
3.8016126699
3.7830964881
3.76252152403
3.73992667501
3.71535443345
3.68885074359
3.66046484751
3.63024912133
3.59825890232
3.56455230771
3.52919004626
3.49223522326
3.45375314005
3.41381108895
3.37247814444
3.32982495177
3.28592351365
3.24084697624
3.19466941513
3.14746562238
3.09931089541
3.0502808286
3.00045110843
2.94989736238
2.89869477213
2.84691816155
2.79464163449
2.74193836791
2.68888073231
2.63553970637
2.58198500184
2.5282848525
2.47450588004
2.42071296946
2.36696915415
2.31333551076
2.25987106409
2.206632702
2.15367510026
2.10105065739
2.04880943943
1.9969991343
1.94566501584
1.89484991704
1.84459421244
1.79493580921
1.74591014673
1.6975502042
1.64988651601
