4.44822540831
4.44669908532
4.44212371944
4.43451010437
4.42387617785
4.41024694425
4.39365436704
4.37413723169
4.35174097985
4.32651751606
4.29852498799
4.26782754181
4.23449505412
4.19860284212
4.16023135388
4.11946584061
4.07639601286
4.03111568274
3.98372239438
3.93431704469
3.88300349657
3.82988818695
3.77507973164
3.71868852924
3.66082636619
3.6016060251
3.54114089818
3.47954460781
3.41693063594
3.35341196417
3.28910072586
3.22410787193
3.15854285156
3.09251330896
3.0261247974
2.95948051115
2.8926810363
2.82582412103
2.75900446564
2.69231353292
2.62583937877
2.55966650342
2.49387591681
2.42854425487
2.36374485318
2.29954670877
2.23601540376
2.17321190291
2.11119331954
2.05001272316
1.98971915805
1.93035767703
1.87196938934
1.81459152188
1.75825749252
1.70299699481
1.6488360928
