6.88506046025
6.88124942811
6.86983119313
6.85085023168
6.82438031208
6.79052396049
6.74941172132
6.70120122045
6.64607604143
6.58424442698
6.51593781964
6.4414092572
6.36093163985
6.27479588688
6.18330900193
6.08679206606
5.98557817843
5.88001036426
5.77043946978
5.65722206304
5.54071835919
5.42129018769
5.29929901783
5.17510405781
5.04906044117
4.9215175128
4.79281722531
4.66329265471
4.53326664279
4.40305057184
4.27294327579
4.14323008989
4.01418204
3.88605517054
3.75909000913
3.6335111645
3.50952705319
3.38732974938
3.26709495144
3.14898205815
3.03313434648
2.9196792429
2.80872867955
2.70037952627
2.5947140898
2.49180067103
2.39169417169
2.29443674169
2.20005845912
2.10857803467
2.02000353329
1.93433310582
1.85155572426
1.77165191461
1.69459448188
1.62034922248
1.54887561955
