83.5227514011
83.1045045255
81.8602192998
79.8208963504
77.0370001325
73.5767069812
69.5235423837
64.9735947164
60.0321581125
54.8103926026
49.4216111301
43.9777942005
38.5861688149
33.3461008646
28.3464165802
23.663205321
19.3581877134
15.4776890828
12.0522439853
9.0967561683
6.6113035941
4.58237177272
2.98455111936
1.78252428544
0.933311771361
0.38861586155
0.0971693843168
0.00698552293561
0.067441111512
0.231078882484
0.455098164015
0.702518876287
0.942888145486
1.15272246686
1.31545952511
1.42122327355
1.46617298833
1.45173535485
1.38362016108
1.27076171669
1.12420664832
0.956101356567
0.77867513937
0.603391335306
0.440289444995
0.297455210431
0.180701678754
0.0934597035973
0.036800714596
0.00963338610911
0.00901694933357
0.0305707885326
0.0689193993178
0.118175148704
0.172393427942
0.225983076184
0.274068950289
