324.088947999
317.924976832
300.015509136
272.031012406
236.512187688
196.543744726
155.372668304
116.026218837
80.9861621885
51.9619840763
29.7888171166
14.4537638565
5.23370096846
0.911490723363
0.0283500107434
1.12893439528
2.96149579248
4.60860007922
5.53873153524
5.58353048302
4.85888080043
3.65417172573
2.31651876364
1.15264554464
0.363993383518
0.0210453440268
0.0738510168516
0.388786878428
0.798006052641
1.14724298267
1.33126752102
1.31086831343
1.1102320712
0.799093506479
0.466370971756
0.193516661284
0.0341453957531
0.00406124621122
0.0828866653171
0.224693346395
0.374074454884
0.482130000798
0.518707798719
0.477916598277
0.376345157502
0.245614425774
0.121637416055
0.0344153620553
0.000374424678085
0.0195360166022
0.0773463626995
0.150456718456
0.214093316473
0.249042610928
0.246440264249
0.208993868905
0.149042520474
