42.0610383692
41.9133600809
41.4730888123
40.7484417765
39.7528622094
38.5047088281
37.0266836808
35.3453255334
33.4902832974
31.4935724501
29.3887401444
27.2101037436
24.9918622686
22.7673323501
20.5681955283
18.4238244859
16.3606929849
14.4018957809
12.5667788792
10.8706931149
9.32486852824
7.93641435815
6.70843653458
5.64025214221
4.72771441497
3.96360491271
3.33809783919
2.83925474334
2.45356445481
2.16647064652
1.96290422023
1.82776615537
1.74640073358
1.70497884251
1.69083763566
1.69274504263
1.70108594053
1.70797885251
1.70731269622
1.69472173162
1.66749604166
1.62443987653
1.56568802796
1.49249298867
1.40698711863
1.31194481291
1.21053805187
1.10610634342
1.00196363514
0.901189050803
0.806506660253
0.720158411863
0.643831821107
0.578620341844
0.525021403107
0.48296038208
0.451848436817
