6.6819037838
6.6781196975
6.66678319102
6.64794139479
6.62167243815
6.58808482295
6.54731655768
6.49953406315
6.44493086333
6.38372607754
6.31616273258
6.24250591504
6.16304078587
6.07807048035
5.98791391746
5.89290354308
5.79338303164
5.68970497028
5.58222854924
5.47131728096
5.35733676929
5.24065254865
5.12162801109
5.00062243758
4.87798914758
4.7540737788
4.62921270712
4.5037316141
4.37794420758
4.25215109872
4.12663883666
4.00167910039
3.87752804523
3.75442580025
3.63259611091
3.51224612063
3.39356628337
3.27673039872
3.16189576035
3.04920340794
2.93877847256
2.83073060526
2.72515447856
2.62213035069
2.52172468255
2.42399079787
2.32896957731
2.23669017781
2.1471707691
2.06041927963
1.97643414526
1.8952050542
1.81671368274
1.74093441667
1.66783505413
1.59737748625
1.52951835227
