4.50584116566
4.50396513849
4.49834325914
4.48899409115
4.47594843133
4.45924909785
4.43895063711
4.41511895281
4.38783086148
4.35717357968
4.32324414857
4.28614880234
4.24600228729
4.20292713908
4.15705292536
4.10851546176
4.05745600884
4.00402045764
3.9483585113
3.89062286995
3.83096842574
3.76955147422
3.70652894825
3.64205767951
3.57629369258
3.50939153563
3.4415036513
3.37277979071
3.30336647277
3.23340649071
3.16303846659
3.09239645474
3.02160959381
2.95080180721
2.88009155103
2.80959160814
2.73940892683
2.66964450228
2.60039329854
2.5317442087
2.46378005093
2.39657759753
2.3302076345
2.26473504882
2.20021894073
2.13671275822
2.07426445127
2.01291664295
1.95270681517
1.89366750646
1.83582651966
1.77920713725
1.72382834241
1.66970504388
1.6168483029
1.56526556074
1.51496086526
1.46593509532
1.41818618187
1.3717093247
1.32649720398
1.28254018583
1.23982652134
1.19834253841
1.1580728261
1.1190004111
1.08110692605
1.04437276965
1.00877725838
0.974298769862
0.9409148778
0.908602478755
0.877337910713
0.847097063709
0.817855482675
0.789588462745
