23.5769526352
23.4303541135
23.0060267257
22.3469052085
21.5140265252
20.5740567267
19.5872264563
18.5988090069
17.6358258069
16.7088773118
15.8174993504
14.9565866162
14.1216833021
13.3117581125
12.5293530645
11.7789146406
11.064585555
10.3885950009
9.750801648
9.14930643926
8.58158317058
8.04548588402
7.53971735682
7.06367561052
6.61692929982
6.19870271543
5.80763527072
5.44190033152
5.09954076328
4.77883250699
4.47845529989
4.1974382408
3.93494660119
3.69006283432
3.46167400968
3.24852725031
3.04937743495
2.86313994966
2.68896178806
2.52617827002
2.37420185926
2.23240885937
2.10009209296
1.97649331297
1.86088488609
1.75264814491
1.65129948543
1.55645807948
1.46777909296
1.38488899473
1.3073682663
1.23477662667
1.16670117173
1.10280314942
1.04282478273
0.986561244574
0.933822193501
