10.229231363
10.2201304245
10.1928872635
10.147680091
10.0848034198
10.0046643742
9.90777761044
9.79475895053
9.66631793402
9.52324918367
9.36642320312
9.19677615147
9.01529949601
8.82302870781
8.62103277995
8.4104032799
8.19224294174
7.96765600857
7.73773758846
7.5035652011
7.26618971034
7.02662772617
6.78585474956
6.5447992339
6.3043375855
6.06529032592
5.82841807176
5.59442067305
5.36393491776
5.13753420403
4.91572871865
4.69896628822
4.48763382907
4.28205931885
4.08251421238
3.88921622471
3.70233240688
3.52198244322
3.34824210341
3.18114678786
3.02069511057
2.86685246976
2.71955456283
2.57871080836
2.4442076439
2.31591167445
2.19367265147
2.07732626808
1.96669676
1.86159930661
1.76184222958
1.66722899033
1.57755998957
1.49263417506
1.41225046501
1.33620899636
1.26431220789
