1458.87857798
1276.63227559
1271.24218262
1263.68318429
1253.46842329
1240.78724317
1225.85722862
1208.87826124
1190.02342506
1169.48798407
1147.4625624
1124.12950506
1099.67178174
1074.26261962
1048.06459694
1021.24072226
993.933008673
966.282110938
938.414279259
910.445505833
882.486176572
854.63123425
826.96689994
799.573340629
772.520052449
745.866339939
719.666093583
693.964657472
668.802077856
644.209880184
620.215616042
596.840140935
574.099682496
552.005703274
530.567381067
509.788426331
489.671156859
470.213312266
451.411574797
433.257189556
415.742968007
398.860057377
382.596552678
366.940321152
351.87741797
337.393638394
323.474106611
310.102170865
297.264046652
284.942482117
273.120836556
261.784938041
250.915848898
240.498527636
230.51601925
220.954297484
211.795881953
203.027231581
194.632198331
186.596699064
178.905559105
171.546768282
164.505042028
157.767640869
151.322011389
145.154799453
139.262440177
133.618234126
128.219124122
123.058270778
118.13170716
113.403968703
108.871305931
104.575807506
100.445167708
96.4777558436
