363.041265447
354.70384091
330.641383997
293.554572059
247.468923576
197.117636419
147.245680927
101.958504647
64.2280866836
35.628466049
16.3253240871
5.29547556801
0.707826207375
0.376412491341
2.19095568637
4.44809358513
6.03752383164
6.47277748303
5.7913489803
4.37177268051
2.72475309105
1.31055986979
0.419163633058
0.127168391002
0.32434354512
0.787107758459
1.26802750142
1.57356182225
1.61000233749
1.39092329106
1.01138749695
0.602400000403
0.283068277012
0.125067614661
0.137816962937
0.275764774616
0.461694853119
0.616157984175
0.683322719243
0.645194028935
0.521700128288
0.358772737846
0.209497153381
0.115813988439
0.096111835304
0.14234263948
0.225913625663
0.309698477847
0.361454171319
0.363745875524
0.318035628634
0.241980068379
0.161672409927
0.101891967214
0.0779881580827
0.0917449905127
0.132144947536
