4.18205449258
4.180358746
4.17527726095
4.16682725766
4.15503729158
4.13994703851
4.12160699794
4.1000781188
4.0754313528
4.04774714146
4.01711484343
3.98363210954
3.9474042134
3.90854309339
3.86716763309
3.82340137603
3.77737278588
3.72921421784
3.6790611511
3.62705143138
3.57332452986
3.51802082439
3.46128090809
3.40324492992
3.34405197103
3.28383946013
3.22274263031
3.16089401934
3.09842301466
3.03545544373
2.97211321006
2.90851397457
2.84477088149
2.78099232785
2.71728177503
2.65373760063
2.5904529888
2.52751585676
2.46500881541
2.40300916139
2.34158889835
2.2808147848
2.2207484061
2.1614462681
2.10295990993
2.04533603374
1.98861664896
1.93283922894
1.87803687794
1.82423850652
1.77146901341
1.71974947225
1.66909732168
1.61952655711
1.57104792322
1.52366910563
1.47739492093
1.43222750411
1.38816649245
1.3452092052
1.30335081852
1.26258453507
1.22290174781
1.18429219777
1.14674412537
1.11024441523
1.07477873428
1.04033166303
1.00688682006
0.974426979745
0.942934183207
0.912389842614
0.882774838998
0.854069613686
0.826254253543
0.799308570193
