6.19993222474
6.19683342524
6.18754798428
6.172108702
6.15057000429
6.1230075839
6.08951790308
6.0502175627
6.00524254427
5.95474733235
5.898903926
5.83790074893
5.7719414689
5.70124373764
5.62603786299
5.54656542582
5.46307785392
5.37583496581
5.28510349696
5.19115562086
5.09426747711
4.99471771822
4.89278608614
4.78875202902
4.68289336775
4.57548502113
4.46679779746
4.35709725951
4.24664266861
4.13568601281
4.02447112287
3.9132328788
3.80219650888
3.69157698173
3.58157849152
3.47239403521
3.36420508006
3.25718131885
3.15148050965
3.04724839629
2.94461870527
2.84371321441
2.74464188813
2.6475030741
2.55238375557
2.45935990641
2.36849657643
2.27984880071
2.1934614954
2.10937016641
2.02760132654
1.94817298245
1.87109513433
1.79637028362
1.72399394472
1.65395515669
1.58623699136
