7.43764682674
7.43316005639
7.41971890122
7.39738067585
7.36624039661
7.32643002597
7.27811742769
7.22150504531
7.15682831995
7.0843538662
7.00437742788
6.91722163728
6.82323360395
6.72278236021
6.61625619199
6.50405988402
6.38661190865
6.26434158772
6.13768625574
6.00708845223
5.87299316925
5.73584517894
5.5960864636
5.4541537689
5.31047629834
5.16547356474
5.01955341175
4.87311021594
4.72652327725
4.5801554031
4.43435168891
4.28943849528
4.14572262004
4.00349066111
3.86300856431
3.72452134845
3.58825299887
3.45440651894
3.32316412837
3.19468759612
3.06911869545
2.94657976792
2.82717438318
2.71098808159
2.59808918644
2.48852967332
2.3823460844
2.27956047605
2.18018138886
2.08420482999
1.99161525825
1.90238656362
1.81648303336
1.73386029802
1.65446625123
1.57824193841
1.50512240989
