6.6864389489
6.68284132527
6.67206211062
6.65414217697
6.62914932285
6.59717779474
6.55834762431
6.51280378866
6.46071520238
6.40227355235
6.33769198727
6.26720367583
6.1910602481
6.1095301362
6.02289683054
5.93145706899
5.83551897625
5.73540017086
5.63142585734
5.5239269203
5.41323803701
5.29969582406
5.1836370329
5.06539680796
4.94530701986
4.82369468483
4.70088048039
4.57717736546
4.45288931203
4.32831015369
4.20372255516
4.07939710531
3.95559153479
3.83255005817
3.7105028392
3.58966557655
3.47023920648
3.35240971792
3.23634807447
3.1222102374
3.0101372828
2.90025553041
2.79267712284
2.68749994894
2.5848083451
2.48467350282
2.38715399316
2.29229633197
2.20013557835
2.11069595913
2.02399151269
1.94002674551
1.85879729562
1.78029059723
1.70448654153
1.63135812907
1.56087210959
