11.6641285522
11.6517747872
11.6148118611
11.5535333538
11.4684235121
11.3601498004
11.2295527246
11.0776331743
10.9055375818
10.7145411234
10.5060300508
10.2814817847
10.0424455194
9.79052215223
9.5273438302
9.25455570397
8.97379565701
8.68667859614
8.39477952002
8.09961923208
7.80265205096
7.50525484373
7.20871823915
6.91423946892
6.62291783395
6.33575075347
6.05363251973
5.77735412224
5.50760454385
5.24497327446
4.98995386908
4.74294837555
4.50427246037
4.27416106779
4.05277445771
3.84020450515
3.63648099432
3.44157808299
3.25542064475
3.07789017205
2.9088307625
2.74805470818
2.59534742042
2.45047262797
2.31317666014
2.18319241097
2.06024312333
1.94404562977
1.8343132849
1.73075838986
1.63309459518
1.54103866169
1.45431209903
1.37264250195
1.29576464365
1.22342134989
1.15536417731
