422.016515479
421.929625487
421.669077865
421.235239364
420.628720185
419.850372422
418.901287876
417.782795265
416.496456836
415.044064393
413.42763475
411.649404636
409.711825063
407.617555187
405.369455669
402.970581587
400.424174893
397.733656475
394.902617825
391.93481236
388.834146429
385.604670024
382.250567238
378.776146504
375.185830644
371.484146763
367.675716026
363.765243346
359.757507021
355.657348356
351.469661289
347.199382078
342.851479052
338.43094248
333.942774573
329.391979652
324.783554517
320.122479023
315.413706913
310.662156908
305.87270409
301.050171593
296.199322616
291.324852788
286.43138288
281.523451892
276.605510526
271.681915042
266.756921521
261.834680528
256.919232187
252.014501672
247.124295103
242.252295862
237.402061325
232.577019988
227.78046901
223.015572149
218.285358084
213.592719127
208.940410298
204.331048772
199.767113665
195.25094617
190.784750006
186.370592189
182.010404095
177.705982804
173.458992714
169.270967406
165.143311745
161.077304203
157.074099381
153.134730724
149.260113405
145.45104737
