771.828727528
730.447185459
617.205366518
460.832069487
297.670510604
159.595210568
64.9525018892
15.7048639076
0.959586937908
4.33636475284
11.4108703643
14.1765313916
11.4423996921
6.18225177756
1.99290832154
0.651443006315
1.63664066965
3.19422523078
3.82176065551
3.1443528079
1.81895719095
0.798221929703
0.600553078582
1.06105411723
1.6074529649
1.75187190934
1.41137717728
0.876813764717
0.525127022754
0.531787246483
0.782469601966
1.01019873138
1.0172327645
0.805848918612
0.542210374562
0.405637596812
0.453983892478
0.59993435494
0.698493869615
0.662854518478
0.521406824491
0.378940377128
0.327601393938
0.378941793161
0.466139433626
0.504767462128
0.458678573695
0.361414770854
0.281854391936
0.268289458623
0.31247263041
0.364182102063
0.373255908688
0.328337054921
0.261230494537
0.217880356208
0.221328682666
