15.0891591218
15.02894496
14.8638059183
14.6281702289
14.3513701145
14.0443070109
13.7052787412
13.3333068062
12.933948876
12.5154895016
12.0839638524
11.6429369772
11.1958861221
10.7469286276
10.2996735648
9.8566030738
9.41971185453
8.99105139996
8.57244179874
8.16511420303
7.76991517064
7.38763268261
7.01895299883
6.66424271698
6.32362092661
5.99715530609
5.68487756854
5.38666244489
5.10223679706
4.83129874356
4.57355329808
4.32863803094
4.09610766343
3.87550915872
3.66641719907
3.46838754253
3.2809344204
3.10357552675
2.9358638334
2.77735879591
2.62760212195
2.48614337377
2.35256964822
2.22648237852
2.10748331257
1.99517870099
1.88920961074
1.7892382027
1.69492936987
1.60595599492
1.52201803137
1.44283722858
1.36814104918
1.29766381851
1.23116142235
1.16840939019
1.10919075604
