7.86974079251
7.86442393914
7.84849997791
7.82204844646
7.78520104794
7.73814037576
7.68109815568
7.61435303226
7.53822793309
7.45308705029
7.35933248371
7.2574005946
7.14775812141
7.03089811177
6.90733572553
6.77760396389
6.64224937868
6.50182781383
6.35690022849
6.20802864766
6.05577228203
5.90068385429
5.74330616389
5.58416891714
5.42378584405
5.26265211804
5.10124208894
4.94000733523
4.7793750359
4.61974665848
4.4614969552
4.30497325616
4.15049504474
3.99835379835
3.84881309236
3.70210883327
3.55844990756
3.41801877877
3.2809723687
3.14744304666
3.01753973153
2.89134908536
2.76893677781
2.65034880228
2.53561282566
2.42473955532
2.31772410831
2.21454736942
2.11517732635
2.01957037176
1.9276725635
1.83942083586
1.75474415582
1.67356462007
1.59579848903
1.52135715602
1.45014804996
