158.197927772
156.676786288
152.186273667
144.940228139
135.27917825
123.647814148
110.566089448
96.5960611653
82.3072143644
68.2427107325
54.8891513073
42.6518967091
31.837378833
22.6437470956
15.159338091
9.36910636296
5.16792199917
2.37857079126
0.773373431995
0.0968979969578
0.0880123618966
0.499520470176
1.11406961358
1.75547577036
2.29468645053
2.65125220271
2.79003092921
2.71452198132
2.45763102135
2.07148146141
1.61689713684
1.15412162451
0.73517382231
0.3986501435
0.166926619946
0.0458992986799
0.0267614399503
0.0892727387946
0.206087720732
0.347268310075
0.484518750219
0.594638165744
0.661773444717
0.678543723434
0.645820275359
0.571481791696
0.468436674753
0.352211575185
0.238469735605
0.140844766773
0.069289242132
0.0291074171011
0.0207419593682
0.0402384595532
0.0802550752934
0.131462420851
0.184016300615
