10.630570335
10.6206258847
10.5908615039
10.541483175
10.472831131
10.3853753318
10.2797091851
10.1565418762
10.0166889874
9.86106268177
9.69065957094
9.50654906376
9.30986054354
9.10177043068
8.88348875997
8.6562467804
8.4212835244
8.17983464343
7.93312027219
7.68233441332
7.428635826
7.17313903376
6.91690693217
6.66094444148
6.40619331472
6.15352809066
5.90375316013
5.65760089588
5.41573078126
5.17872960721
4.94711175618
4.72132164384
4.50173582173
4.28866523244
4.08235908814
3.88300796127
3.69074830154
3.50566609398
3.32780115491
3.15715135919
2.99367685202
2.83730416388
2.6879302214
2.54542600756
2.4096410168
2.28040553847
2.15753464551
2.0408309983
1.93008759096
1.8250902534
1.72562003526
1.63145474534
1.54237146147
1.45814764511
1.37856262967
1.30339880307
1.23244261182
