1384.59147529
760.466711151
80.2484140594
35.1368380967
28.0832820504
20.110262692
20.1790036493
16.5752011051
16.6328212984
14.3311018817
14.1251570154
12.4348889103
12.0804870773
10.7608039913
10.3579154201
9.30609801675
8.89482143626
8.05826018042
7.66825263881
6.98875757035
6.63282655755
6.07854995465
5.76028436472
5.30696151439
5.01903410853
4.65059566848
4.39301735737
4.0858751021
3.85696554056
3.60469145702
3.39893052637
3.18820665941
3.00448313042
2.82774667326
2.66501917546
2.51534492532
2.36871061327
2.2444724021
2.11211581356
2.00511829017
1.8857205272
1.79789273221
1.69217696732
1.61303935253
1.51928669898
1.45287218714
1.36916535788
1.3085944787
1.23439749994
1.18281218686
1.11680792157
1.06893859892
1.01183541431
0.970056039172
0.917730590856
0.881218501635
0.834512412156
