3.43072523218
3.42976794089
3.42689797235
3.42212103541
3.41544662101
3.40688796666
3.39646200697
3.38418931052
3.37009400348
3.3542036804
3.33654930258
3.31716508479
3.2960883708
3.27335949854
3.24902165549
3.2231207253
3.19570512629
3.16682564278
3.13653525018
3.10488893466
3.07194350842
3.03775742144
3.00239057072
2.96590410787
2.92836024599
2.88982206685
2.85035332904
2.8100182782
2.76888145992
2.72700753633
2.68446110685
2.64130653405
2.59760777515
2.55342821969
2.5088305341
2.46387651344
2.41862694098
2.37314145572
2.3274784284
2.28169484614
2.23584620594
2.18998641715
2.14416771309
2.09844057173
2.05285364549
2.00745370018
1.96228556274
1.91739207786
1.87281407321
1.82859033294
1.78475757943
1.74135046271
1.69840155749
1.65594136725
1.61399833523
1.57259886171
1.53176732739
1.49152612235
1.45189568023
1.41289451722
1.37453927533
1.33684476975
1.29982403967
1.26348840227
1.22784750943
1.19290940685
1.1586805951
1.1251660923
1.0923694981
1.06029305855
1.02893773162
0.998303253047
0.968388202193
0.939190067703
0.91070531268
0.882929439179
