6.74890389485
6.74340635412
6.72700350124
6.69993179522
6.66250696391
6.61508023449
6.55804143247
6.49184141303
6.41699680376
6.33407137103
6.24365460904
6.14635228807
6.04278397431
5.93357721167
5.81935783358
5.70074233831
5.57833412663
5.45272027443
5.32446699468
5.19411561672
5.06218058707
4.92914838133
4.79547600779
4.66158962958
4.52788426237
4.39472419415
4.26244327027
4.13134512326
4.00170394312
3.87376572434
3.74774944315
3.62384809018
3.50222993344
3.38304006427
3.26640188128
3.15241839199
3.04117356706
2.93273386037
2.82714963972
2.72445647108
2.62467632943
2.52781891021
2.43388287387
2.34285692296
2.2547208037
2.16944633647
2.08699840452
2.00733580168
1.93041199126
1.85617586853
1.78457249404
1.71554371728
1.64902871623
1.58496453044
1.52328657628
1.46392907878
1.40682542895
1.35190853211
1.29911115066
1.24836618766
1.19960690636
1.15276713801
1.10778149235
1.06458553008
1.02311588483
0.983310373308
0.945108111637
0.908449607624
0.873276813435
0.839533168607
0.807163653934
0.776114831384
0.746334852048
0.717773453454
0.690381978971
0.664113368658
