8.02506315064
8.01650693762
7.99102838854
7.94915757404
7.89166426883
7.81944335115
7.73343224308
7.63458028201
7.52385821436
7.40227791453
7.27089656065
7.13079824676
6.98306378944
6.82874485107
6.6688512383
6.50434901546
6.33616111909
6.16516431774
5.99218255088
5.81798081595
5.64326307471
5.46867405493
5.29480218489
5.12218127006
4.951290827
4.78255670334
4.61635332974
4.45300739344
4.29280162797
4.13597771722
3.98273844994
3.83324999367
3.68764486909
3.54602537311
3.40846673466
3.27501958437
3.14571196122
3.02055138107
2.89952721485
2.78261313804
2.66976923714
2.56094362432
2.45607378956
2.35508801454
2.25790693124
2.16444502162
2.07461179815
1.9883126955
1.90544981998
1.82592277504
1.74962955519
1.67646734252
1.60633307437
1.53912382331
1.4747371476
1.41307151648
1.35402676445
1.29750444666
1.2434080328
1.19164300474
1.14211697524
1.09473987419
1.04942414029
1.00608482682
0.964639601984
0.925008712825
0.887114992324
0.850883917879
0.816243658596
0.783125052212
0.751461520005
0.721188982507
0.692245823916
0.664572890023
0.638113463803
0.612813185641
