32.4875671197
31.7719279342
29.840955089
27.2389807172
24.5887677936
22.3370885998
20.6277631751
19.3450989857
18.2676171125
17.2215765101
16.1508401663
15.0912870068
14.0998551522
13.2004738525
12.3769622451
11.599895344
10.854196069
10.1450942754
9.48474575736
8.87698597935
8.31410698444
7.78496312721
7.28416013642
6.81356114649
6.37676120907
5.97331830468
5.59823458922
5.24601324365
4.91441336951
4.60437023393
4.31693515839
4.0507620552
3.80252920602
3.56930700592
3.35021881452
3.1458248472
2.95627281385
2.78020590003
2.61544959463
2.46045074692
2.31496902457
2.17935485889
2.05340183088
1.93598166999
1.82569858183
1.72178183296
1.62427338231
1.53337009862
1.44874607001
1.36951736221
1.29482046759
1.22433382871
1.15820038401
1.09649981339
1.03888014962
0.984677020003
0.933393236627
