9.67032808504
9.66135347354
9.63449792145
9.58996515039
9.52809097795
9.44933785483
9.35428744099
9.24363143193
9.11816088879
8.97875435814
8.82636508645
8.66200764223
8.48674425505
8.3016711668
8.10790526815
7.90657126385
7.69878957636
7.48566516
7.26827735951
7.04767090871
6.82484812821
6.60076234785
6.37631254848
6.15233919224
5.92962118765
5.70887391877
5.49074825387
5.27583043981
5.06464278257
4.85764501168
4.65523622683
4.45775732737
4.26549382999
4.07867898576
3.89749711482
3.72208710963
3.55254587794
3.38893210442
3.23126965892
3.07955110558
2.93374106747
2.79377945619
2.6595845444
2.53105586545
2.40807692901
2.29051774594
2.17823715967
2.07108498428
1.96890395224
1.87153147707
1.77880123766
1.69054459243
1.60659183257
1.52677328411
1.45092026898
1.37886593554
1.31044596893
