6114.53348556
4167.25121111
1079.84015546
9.60146812713
99.4504480491
43.7132380816
3.36067138414
25.1116732144
2.86291789832
5.98842575956
7.11159405203
0.0563485353488
4.6243042147
1.36723477497
0.965965985557
2.42283668318
0.0378579348552
1.4013264377
0.810572401563
0.191145476614
1.08591938584
0.10159260584
0.507581715406
0.518791981597
0.0296451129249
0.545198477764
0.125876434006
0.20170986102
0.3535201585
0.00745176665543
0.290796955342
0.127860127213
0.0713061393714
0.240853565792
0.0174802326442
0.157411671991
0.120403839813
0.0240294518242
0.163159546767
0.0288445458
0.0845845542237
0.110776846025
0.00902388518499
0.108883175766
0.0367565178073
0.04294821703
0.0898147937721
0.0111955297538
0.0762663319432
0.0423829518603
0.0202170452138
0.0717704862542
0.012284114757
0.0486712942834
0.0433086304969
0.0112400581605
0.0567440691177
