65.4040543653
65.151693102
64.3994717208
63.1618463799
61.4624782424
59.3335982566
56.8151496551
53.9537276213
50.8013676804
47.4141890515
43.8509709784
40.1716922556
36.4360606511
32.7021073998
29.0248634141
25.4551738249
22.0386553664
18.8148596656
15.8166313582
13.0696788116
10.5923775436
8.39578809312
6.4838756495
4.8539185857
3.49711183362
2.39926892453
1.54166770521
0.901951780916
0.455104880694
0.174391079076
0.0323044106159
0.00145750242263
0.055392000812
0.169274682058
0.320500440207
0.489136090299
0.658270097418
0.814176304619
0.946385674265
1.04761198676
1.11358384709
1.14277378764
1.13605302316
1.09629346144
1.02793867071
0.936554333954
0.828389449179
0.709959236529
0.587670620938
0.467489334157
0.354675864456
0.253585294921
0.167527863937
0.0987056758213
0.0482095119024
0.0160715249695
0.00136991529878
