520.428605449
520.273342982
519.807914303
519.033393892
517.951566931
516.56492092
514.876634043
512.890560352
510.611211904
508.043737981
505.193901547
502.068053132
498.673102323
495.016487089
491.106141146
486.950459617
482.558263203
477.938761136
473.101513149
468.056390721
462.813537839
457.383331537
451.776342423
446.003295463
440.075031203
434.002467669
427.796563123
421.46827987
415.028549267
408.488238108
401.858116493
395.148827326
388.370857526
381.534511033
374.649883695
367.72684007
360.77499218
353.80368025
346.821955424
339.838564453
332.86193634
325.900170904
318.961029221
312.051925893
305.17992307
298.351726184
291.573681279
284.851773898
278.191640436
271.598526807
265.077354308
258.632682937
252.268726554
245.989359091
239.798121678
233.698230558
227.692585725
221.783780191
215.97410979
210.265583441
204.659933803
199.158628222
193.762879926
188.473659383
183.291705765
178.217538467
173.251468613
168.393610514
163.643893015
159.002070714
154.467734992
150.040324835
145.71913741
141.503338384
137.391971942
133.383970504
