39.775821209
39.3772459071
38.2171224691
36.3971034295
34.0703342334
31.4201827514
28.6358755419
25.8894280989
23.3172381145
21.0092276208
19.0063047417
17.3056895214
15.8719475786
14.6510730448
13.5845404346
12.6206947619
11.7220051855
10.8675312037
10.0512374874
9.27743345562
8.55510427795
7.89264508937
7.29425569292
6.75846543721
6.27869989869
5.84524878458
5.44781767374
5.07777932402
4.72956443965
4.40093459824
4.09227751961
3.80530532848
3.54163449959
3.30171813327
3.08436312473
2.88689538413
2.7057995231
2.53756334464
2.3794316539
2.22982685472
2.08836995396
1.95553102917
1.83208665098
1.71857173822
1.61490695697
1.52029752249
1.43338166762
1.35258700718
1.27650512129
1.20418906948
1.13527596642
1.06991111508
1.00852301594
0.951538118788
0.899138697058
0.851134270534
0.806980128715
