7.19292216758
7.18684338136
7.16867295844
7.13860218381
7.09693124745
7.04405004058
6.98042256142
6.90657682851
6.82309777889
6.73061934176
6.62981385963
6.52137989643
6.40603074382
6.28448506305
6.1574594395
6.025661802
5.8897850884
5.75050139904
5.60845720832
5.46426983258
5.31852484546
5.17177403083
5.02453375402
4.87728390036
4.73046749599
4.58449090112
4.43972434304
4.29650265012
4.15512621043
4.01586221742
3.87894616764
3.74458348499
3.61295116993
3.48419946705
3.35845359187
3.2358155173
3.1163657574
3.00016508389
2.88725616476
2.77766515645
2.67140326542
2.56846825277
2.4688458432
2.37251102944
2.27942929626
2.18955778537
2.10284639611
2.01923878913
1.93867330716
1.86108380202
1.78640041498
1.71455029663
1.64545825786
1.57904734524
1.5152393528
1.45395528848
1.39511580066
1.33864155693
1.28445356925
1.23247347283
1.18262377302
1.13482806695
1.0890112356
1.04509960058
1.00302104965
0.962705141731
0.92408319789
0.887088375872
0.851655722915
0.817722208381
0.785226744096
0.754110198508
0.724315403356
0.695787148145
0.668472162005
0.642319088449
