7.11288102734
7.10871667562
7.09624110169
7.07550661045
7.0465999156
7.0096414539
6.96478443696
6.91221365199
6.8521440262
6.78481897184
6.71050853173
6.62950734688
6.54213246975
6.44872104799
6.34962790448
6.24522304017
6.13588908614
6.02201873152
5.90401215288
5.78227447015
5.6572132527
5.52923609773
5.39874830132
5.26615064069
5.13183728376
4.99619384018
4.8595955654
4.72240572715
4.58497414122
4.44763588114
4.31071016415
4.17449941362
4.03928849618
3.90534412983
3.7729144578
3.64222877476
3.51349742734
3.38691182736
3.26264460743
3.14084990092
3.02166372895
2.90520448542
2.79157350833
2.68085572581
2.57312036536
2.46842171511
2.36679992643
2.26828184757
2.17288187875
2.08060283968
1.99143684122
1.90536615371
1.82236406496
1.74239572217
1.66541895214
1.59138505554
1.52023957112
