2.73662204265
2.73602930955
2.73425200941
2.73129283712
2.72715627574
2.72184858389
2.71537777818
2.70775361068
2.69898754173
2.68909270793
2.67808388566
2.66597745017
2.65279133054
2.63854496042
2.62325922518
2.60695640526
2.58966011626
2.57139524583
2.55218788776
2.53206527334
2.51105570053
2.48918846096
2.46649376518
2.4430026664
2.41874698311
2.39375922069
2.36807249238
2.34172044004
2.3147371547
2.28715709738
2.25901502042
2.23034588954
2.20118480685
2.17156693515
2.14152742369
2.11110133564
2.0803235774
2.04922883009
2.01785148322
1.98622557089
1.95438471055
1.92236204445
1.89019018402
1.85790115713
1.82552635849
1.79309650307
1.76064158278
1.72819082638
1.69577266259
1.66341468655
1.63114362952
1.59898533185
1.56696471923
1.53510578208
1.50343155818
1.47196411837
1.44072455527
1.40973297496
1.37900849159
1.34856922467
1.31843229911
1.28861384778
1.25912901656
1.22999197171
1.20121590943
1.17281306754
1.1447947391
1.11717128786
1.08995216545
1.06314593003
1.03676026652
1.01080200802
0.985277158458
0.960190916301
0.935547699143
0.911351169144
