2.40125371957
2.40081503002
2.39949950814
2.39730879308
2.39424561256
2.39031377678
2.38551816976
2.37986473829
2.37336047858
2.36601342048
2.35783260947
2.34882808646
2.33901086537
2.32839290873
2.31698710118
2.30480722115
2.29186791069
2.27818464359
2.26377369189
2.24865209088
2.23283760275
2.21634867887
2.19920442104
2.1814245416
2.16302932268
2.14403957463
2.12447659386
2.10436212003
2.08371829292
2.06256760902
2.04093287788
2.01883717851
1.99630381582
1.97335627728
1.95001818993
1.92631327773
1.9022653196
1.87789810796
1.85323540814
1.82830091858
1.80311823197
1.77771079741
1.75210188376
1.72631454406
1.70037158125
1.67429551527
1.64810855143
1.62183255031
1.59548899905
1.56909898425
1.54268316633
1.51626175557
1.48985448964
1.46348061284
1.43715885697
1.41090742373
1.38474396893
1.35868558815
1.33274880415
1.30694955584
1.28130318881
1.25582444746
1.23052746862
1.20542577673
1.18053228042
1.1558592705
1.13141841943
1.10722078198
1.08327679731
1.05959629217
1.03618848533
1.01306199319
0.990224836318
0.967684447137
0.945447678493
0.923520813136
