50.0273115997
49.7876432129
49.0749475799
47.9079262347
46.3169565816
44.3429719709
42.0359038041
39.4528923405
36.6562200848
33.7110784475
30.683294218
27.6372367041
24.6336530501
21.7278920762
18.9683567747
16.3953240999
14.0401266117
11.9247569325
10.0618558184
8.45507306187
7.09976412776
5.98398034571
5.08967032505
4.39403780587
3.87097428213
3.49250342181
3.23014849316
3.05621686927
2.94486472562
2.87298924774
2.82087037991
2.7725823248
2.71615491191
2.64353572057
2.55031648953
2.43533516235
2.30013888736
2.14836682983
1.98510937536
1.81626124524
1.64792726371
1.48589747364
1.33522046357
1.19988955305
1.08264639032
0.984901679486
0.906763441605
0.847159128428
0.80402926057
0.774577848797
0.755545683949
0.743488791736
0.735046549005
0.727171438231
0.717314202042
0.703552865366
0.684665541975
