12.548489128
12.5338257083
12.4899641187
12.4172880898
12.3164301365
12.1882609457
12.0338750379
11.8545730594
11.651840494
11.4273251509
11.182810769
10.9201910622
10.6414419077
10.3485937642
10.0437042464
9.72883215093
9.40601228056
9.07723255772
8.74441305376
8.40938779118
8.07388972666
7.73953632913
7.40782109311
7.0801060722
6.75761652136
6.4414394961
6.1325241724
5.83168402209
5.53960129962
5.25683221986
4.98381459412
4.72087489549
4.46823755426
4.22603355013
3.99430978923
3.77303829019
3.56212524131
3.36141975281
3.1707221924
2.98979207592
2.8183549951
2.65611011723
2.50273542327
2.35789323648
2.22123569757
2.09240842678
1.97105454161
1.85681776904
1.74934532059
1.64828990609
1.5533120271
1.46408121946
1.38027757242
1.30159233321
1.22772879939
1.15840303051
1.09334356638
