3.8908626655
3.88970418556
3.88623110778
3.88045050956
3.87237415728
3.8620184627
3.84940442207
3.83455753859
3.81750772841
3.79828921082
3.77694038319
3.75350368141
3.72802542641
3.70055565786
3.67114795569
3.63985925053
3.60674962403
3.5718821001
3.53532242816
3.49713885945
3.45740191767
3.41618416492
3.37355996422
3.32960523968
3.2843972355
3.23801427484
3.1905355198
3.14204073344
3.09261004491
3.04232371871
2.99126192896
2.93950453968
2.88713089173
2.83421959734
2.78084834296
2.72709370081
2.67303095013
2.61873390818
2.56427477183
2.5097239698
2.45515002601
2.40061943427
2.34619654434
2.29194345962
2.2379199463
2.18418335419
2.13078854882
2.07778785499
2.02523101124
1.97316513527
1.92163469978
1.87068151858
1.8203447424
1.77066086414
1.72166373303
1.67338457727
1.62585203464
