7.42096241256
7.41645967733
7.4029709337
7.38055440974
7.34930662673
7.30936161791
7.26088984835
7.20409684937
7.13922158431
7.06653456563
6.98633574604
6.89895220889
6.8047356849
6.7040599241
6.59731795263
6.48491924509
6.36728684287
6.24485444902
6.11806352918
5.98736044729
5.85319366296
5.71601101602
5.57625712113
5.43437089359
5.29078322449
5.14591482092
5.0001742242
4.85395601628
4.70763922172
4.56158590994
4.41613999979
4.27162626622
4.12834954612
3.98659413871
3.84662339373
3.70867947898
3.5729833174
3.43973468263
3.3091124411
3.18127492777
3.05636044245
2.93448785294
2.81575729163
2.70025093179
2.58803383051
2.4791548253
2.37364747208
2.27153101303
2.17281136315
2.0774821057
1.98552548699
1.89691340238
1.81160836575
1.72956445612
1.65072823554
1.57503963343
1.5024327935
