48.0960351046
47.6199194949
46.2264899441
44.016557053
41.1455169599
37.8062603234
34.2086385385
30.558305611
27.0374985002
23.790224701
20.9133123867
18.4540026121
16.4136565699
14.7564526229
13.4212498007
12.3345622764
11.4226977356
10.6214450442
9.88232414439
9.17507263543
8.4866841899
7.81785312145
7.17791359946
6.57949287115
6.03387536219
5.5478280891
5.12213863079
4.75185425892
4.4278114451
4.13883581673
3.87407638174
3.624875817
3.38586412742
3.15516568469
2.93380757658
2.72457663305
2.5307337964
2.35476629973
2.19765256341
2.0585521908
1.93503354666
1.82367357884
1.72082667598
1.62337085484
1.52924027832
1.43763902011
1.34893613466
1.2642849273
1.18512910031
1.11267369079
1.0475255741
0.989497993273
0.937678394692
0.890648721007
0.84683237317
0.804846187644
0.763772583724
