12.4437013906
12.429319161
12.3862974918
12.3150093531
12.2160694558
12.0903241805
11.9388372664
11.7628732724
11.5638768144
11.343450259
11.1033290945
10.8453561168
10.571454762
10.2836026069
9.98380475989
9.67406841156
9.35637886073
9.03267726572
8.70484025333
8.37466229085
8.04384082014
7.71396307529
7.38649684559
7.06278295735
6.74403101281
6.43131672865
6.12558290955
5.82764070032
5.53817362483
5.25774338274
4.98679538399
4.72566700721
4.47459524185
4.23372540273
4.00311986244
3.78276685848
3.57258917535
3.37245256619
3.1821738533
3.00152822784
2.83025711997
2.66807366791
2.51466950468
2.36971978123
2.23288817162
2.10383096004
1.98220090476
1.86765049671
1.75983474443
1.65841331369
1.56305288554
1.47342841666
1.38922466942
1.31013700101
1.23587237364
1.16614959883
1.10069977883
