153.296234868
151.912342892
147.822961215
141.210971239
132.36849761
121.678679198
109.592261899
96.6005153924
83.206573937
69.8972491984
57.1170654152
45.2464593776
34.5854549379
25.3434453018
17.6357414656
11.4863373109
6.83672029554
3.55911726646
1.47323398628
0.364721737142
0.00398728284726
0.163693141258
0.633981193771
1.23430785772
1.82132147272
2.29280150064
2.58760944692
2.6823012123
2.58508942937
2.32801588026
1.95829997829
1.52990456228
1.09572167469
0.70145479776
0.381355164895
0.155849094618
0.0311970770281
0.000913565564135
0.0483417159073
0.150141068802
0.280062003665
0.412490316825
0.525542538539
0.603161470094
0.636368205639
0.623397543742
0.568970054149
0.48285701547
0.377975910165
0.268354165163
0.167155125898
0.0850807169567
0.0292305438361
0.00261024312821
0.00411533998752
0.0291682091704
0.0706377945147
