5.43802114309
5.43569957038
5.42874174199
5.41716828946
5.40101347319
5.38032499546
5.35516374061
5.32560344482
5.29173029804
5.25364248138
5.21144964367
5.16527232143
5.11524130691
5.06149696914
5.00418853329
4.94347332397
4.87951597817
4.81248763371
4.74256509924
4.66993001169
4.59476798718
4.51726777122
4.43762039389
4.35601833546
4.2726547078
4.18772245648
4.10141358812
4.01391842744
3.92542490775
3.83611789846
3.74617857254
3.65578381669
3.56510568632
3.47431090702
3.38356042391
3.29300899964
3.20280486149
3.1130893976
3.023996902
2.93565436765
2.84818132645
2.761689735
2.67628390416
2.59206047088
2.5091084099
2.42750908317
2.34733632458
2.26865655726
2.19152894105
2.11600554716
2.04213155745
1.96994548555
1.89947941699
1.83075926576
1.76380504457
1.69863114635
1.6352466345
