15.5565684003
15.1411320555
14.0939137013
12.8703806828
11.8776514306
11.2545994084
10.8843393351
10.5736965757
10.2159369998
9.81923662946
9.43237379975
9.07459110906
8.73041003003
8.3838259455
8.03823911609
7.70556308605
7.38904066142
7.08255834107
6.78174647974
6.48925784314
6.20935582338
5.94184616441
5.68347614894
5.43297816622
5.19213507206
4.96240804881
4.74275486298
4.53132103478
4.32786704099
4.13343475478
3.94827139686
3.77126613624
3.60137835077
3.43871178401
3.28377594242
3.13629247042
2.99532998561
2.86035855941
2.73155864349
2.60907556321
2.49244235796
2.3809805098
2.27446219568
2.17303191467
2.07661771956
1.98473335153
1.89693470346
1.81315979644
1.73348170864
1.65770693897
1.58542040225
1.51636210464
1.45054940215
1.38797620074
1.32839943222
1.27150940268
1.21717895718
1.1654433455
1.11623162136
1.06930633816
1.02445769047
0.981648854008
0.940899836558
0.902092691452
0.865029607976
0.829587211876
0.79577169032
0.763570768671
0.732859930499
0.703481968516
0.675386278309
0.64858612322
0.623043843998
0.598634817856
0.575258040072
0.552901752684
