1689.14052462
1394.46914328
752.911719243
221.983484556
17.5572799771
18.333646641
34.864961282
17.5283116163
5.38803461566
9.91932012466
11.4859739186
6.40349064801
4.9376231757
6.92900121041
6.25352127102
4.24775162105
4.4345367572
5.05632699884
4.14417110031
3.39715001203
3.75126183699
3.72594753443
3.02747761007
2.83508539027
3.04010119331
2.76867309566
2.34767328592
2.36626753803
2.39467389894
2.08980577941
1.89357147169
1.95240077385
1.86080876092
1.62005435156
1.56117936846
1.58540083997
1.44249872186
1.29233109136
1.29756530413
1.27097755613
1.13062101077
1.06170841757
1.07616545508
1.01135652164
0.905700223912
0.88835606639
0.884900642916
0.805093524358
0.743697327251
0.74806223792
0.72141995711
0.650357532406
0.625003812554
0.628510453621
0.586167500313
0.535984048632
0.532474357925
