11.0548111691
11.0315870594
10.9710078549
10.8845115376
10.7718399121
10.6315023971
10.4664881267
10.2794500302
10.0725904423
9.84863769519
9.60998153489
9.35899955269
9.09804260994
8.8292146936
8.55457044045
8.27597646113
7.99512784265
7.71360193793
7.43277804385
7.15390535101
6.8780850937
6.60626232738
6.33927026912
6.07780392507
5.82244898385
5.57369059784
5.33190794434
5.09740420802
4.87039867966
4.65104009058
4.43942100196
4.23557301437
4.03948473652
3.85110223723
3.67033430139
3.49706378045
3.33114394634
3.17240932382
3.02067831678
2.87575296838
2.73742782367
2.60548779692
2.47971311842
2.35988163752
2.24576779546
2.1371483634
2.03380054766
1.93550368351
1.84204226078
1.7532035395
1.66878072568
1.58857249501
1.51238267317
1.44002250362
1.37130871286
1.30606496098
1.24412185866
