2.94981943027
2.94911231395
2.94699217469
2.94346263765
2.93852973178
2.93220187037
2.92448982404
2.91540668612
2.90496783081
2.89319086417
2.88009556821
2.8657038384
2.85003961489
2.83312880771
2.81499921642
2.79568044449
2.77520380885
2.75360224508
2.73091020863
2.70716357246
2.68239952175
2.65665644596
2.62997382878
2.60239213652
2.57395270529
2.54469762752
2.51466963832
2.48391200199
2.45246839932
2.4203828159
2.3876994321
2.35446251488
2.32071631193
2.28650494852
2.25187232728
2.21686203139
2.18151723126
2.14588059513
2.10999420372
2.07389946919
2.03763705859
2.00124682186
1.96476772467
1.92823778601
1.89169402075
1.85517238715
1.81870773933
1.78233378473
1.74608304653
1.70998683092
1.67407519928
1.63837694503
1.60291957516
1.56772929629
1.53283100501
1.4982482826
1.46400339367
1.43011728875
1.39660961059
1.36349870392
1.3308016286
1.29853417581
1.26671088716
1.23534507651
1.20444885425
1.17403315389
1.14410776066
1.11468134201
1.08576147974
1.05735470358
1.02946652607
1.00210147843
0.975263147396
0.948954212715
0.923176485196
0.897930945138
