355.640715247
348.222836653
326.737581868
293.378507063
251.450963033
204.909797069
157.825450904
113.868080707
75.8877518905
45.6529322213
23.7727082845
9.79942490211
2.47477697616
0.0598631896438
0.685729127738
2.65975737977
4.68346643493
5.95774096317
6.17742059016
5.43620433528
4.07918165963
2.54204693802
1.21312033277
0.342518947434
0.00745206324692
0.130151312626
0.531103317604
0.998223803284
1.35005679303
1.47874394127
1.36474642746
1.06502026768
0.682427222551
0.327972563086
0.0873432896233
0.000343766540721
0.0566234909426
0.206485236359
0.38135070368
0.516431005891
0.569142881344
0.528318898038
0.41298538943
0.26258360653
0.122215682714
0.0286695096474
0.00021818454602
0.0335508107448
0.107310106897
0.190742329666
0.254051527155
0.277220832649
0.255008586528
0.196806839387
0.12222641104
0.0539443089854
0.0104658394712
