10.3343128108
10.3220822923
10.2855799606
10.225338145
10.1421211278
10.0369055519
9.91088432923
9.76543559517
9.6020706242
9.42239775882
9.22809355215
9.02086867045
8.80243781411
8.57449639714
8.33869844907
8.09663758693
7.84983313821
7.59971872056
7.34763325441
7.0948155968
6.84240131724
6.59142109661
6.34280140935
6.09736663938
5.85584205056
5.61885799659
5.38695489547
5.16058846741
4.94013548134
4.72589977322
4.51811814523
4.31696631484
4.12256482643
3.93498463924
3.75425251497
3.5803562076
3.41324925131
3.25285543825
3.09907303958
2.95177862809
2.81083056668
2.67607224103
2.54733493985
2.42444042589
2.30720328274
2.1954329728
2.08893563096
1.9875156779
1.89097721075
1.79912518014
1.71176642971
1.62871057331
1.54977070769
1.47476402463
1.4035123093
1.33584231785
1.27158608834
