4.42355957272
4.4220525779
4.41753512173
4.41001777389
4.39951810028
4.38606058796
4.36967654071
4.35040394597
4.32828731394
4.30337748985
4.27573144065
4.24541201738
4.21248769484
4.17703228996
4.13912466085
4.09884838821
4.05629144104
4.0115458287
3.96470724132
3.91587468065
3.86515008349
3.81263793986
3.75844490783
3.70267942734
3.64545133491
3.58687148123
3.52705135363
3.46610270513
3.40413719206
3.34126602159
3.27759961099
3.21324725986
3.1483168367
3.08291448094
3.01714432153
2.95110821289
2.884905489
2.81863273635
2.75238358596
2.68624852518
2.62031472905
2.55466591168
2.48938239081
2.42454020523
2.3602121839
2.29646690861
2.23336963202
2.17098107664
2.10935819493
2.04855397421
1.98861745159
1.92959374383
1.87152409113
1.81444591406
1.75839288258
1.70339499621
1.64947867441
