7.1220610619
7.11797447479
7.10573124458
7.08538083994
7.05700529437
7.02071858987
6.97666580395
6.92502202976
6.86599108163
6.79980400064
6.72671737676
6.64701150632
6.56098840463
6.46896969536
6.37129439884
6.26831664213
6.16040331428
6.04793168983
5.93128704343
5.8108602779
5.68704558703
5.56023817336
5.43083203972
5.29921787186
5.16578102769
5.03089964682
4.89494289217
4.75826933339
4.62122547979
4.48414446852
4.34734491168
4.21112990419
4.07578619233
3.94158350122
3.80877401797
3.67759202548
3.54825368115
3.42095693288
3.29588156458
3.17318936191
3.05302438883
2.93551336501
2.82076613346
2.70887620824
2.59992139157
2.49396444997
2.39105383942
2.29122446956
2.19449849773
2.10088614388
2.01038651801
1.92298845252
1.83867133231
1.75740591627
1.67915514436
1.60387492532
1.53151490046
