662.179819386
661.908452014
661.095289018
659.743113761
657.856545931
655.442003585
652.507654774
649.063355838
645.120578871
640.692327276
635.793042521
630.438501786
624.645708816
618.432778458
611.818817201
604.823800229
597.468446547
589.774093661
581.762573016
573.456086829
564.877088043
556.048163864
546.991923985
537.730893932
528.287414591
518.683548032
508.940990073
499.080990168
489.124278662
479.091063142
469.000722673
458.87206652
448.723292381
438.571638446
428.433602813
418.324858474
408.260236517
398.253715415
388.318415426
378.466598651
368.709672985
359.058201115
349.521912681
340.109720413
330.829738987
321.689306653
312.695009176
303.852705735
295.167556252
286.644050298
278.286036719
270.09675416
262.078862011
254.234471538
246.565177169
239.072087556
231.755856164
224.616711718
217.654487743
210.868651596
204.258332531
197.822348962
191.559234809
185.467264704
179.544478261
173.788703246
168.197577572
162.768570318
157.499001535
152.386060963
147.426825671
142.618276632
137.957314296
133.440772927
129.065434215
124.828039707
