140.140867529
138.951152109
135.432374826
129.732643918
122.089090911
112.814004795
102.276813117
90.8831560249
79.0525183118
67.195853833
55.6947864686
44.8834727252
35.0345745076
26.3495795459
18.9542897944
12.8991530138
8.16439092818
4.66896412551
2.28249851082
0.8393208367
0.153186576172
0.0317331604274
0.289572098245
0.759268201753
1.29964594319
1.80086345337
2.18665433924
2.41364269112
2.46795224679
2.36024810689
2.11944256578
1.7858949039
1.40473996311
1.0199420343
0.669511093071
0.382163756124
0.175448367306
0.0554673601994
0.0178378196558
0.0496455179717
0.132129804753
0.243615944955
0.362376883889
0.46915539898
0.549017606044
0.592546343747
0.596212961548
0.562026594524
0.496589504884
0.409753762599
0.312984103088
0.217816901925
0.13441260374
0.0704643887196
0.0305198779874
0.0157620204645
0.0241777958844
