3.30238495924
3.30140584884
3.29847076671
3.2935864495
3.28676408997
3.27801928472
3.26737196161
3.25484628747
3.24047055666
3.22427706154
3.20630194561
3.18658504067
3.16516968895
3.14210255174
3.11743340577
3.09121492883
3.0635024762
3.03435384923
3.00382905789
2.97199007865
2.93890060927
2.90462582213
2.86923211745
2.83278687793
2.79535822613
2.75701478597
2.71782544947
2.67785914995
2.63718464272
2.5958702942
2.55398388031
2.51159239488
2.46876186873
2.42555719993
2.38204199572
2.33827842629
2.29432709085
2.25024689594
2.20609494612
2.16192644697
2.1177946203
2.07375063134
2.02984352769
1.98612018964
1.94262529161
1.89940127416
1.8564883261
1.81392437635
1.77174509485
1.72998390207
1.68867198652
1.64783832971
1.60750973787
1.56771088008
1.5284643319
1.48979062428
1.45170829684
1.41423395532
1.37738233233
1.34116635114
1.30559719191
1.27068435988
1.23643575517
1.20285774356
1.16995522821
1.13773172153
1.10618941723
1.07532926199
1.0451510266
1.01565337622
0.98683393963
0.958689377108
0.931215446914
0.904407070093
0.878258393515
0.852762851005
