392.031909341
383.024949937
357.030942414
316.966932985
267.181484173
212.788267015
158.912696678
109.990140187
69.2311552026
38.3360503764
17.4839046397
5.56937630242
0.614266558966
0.25718820133
2.21841321576
4.65782703855
6.37592124595
6.84727089412
6.1123444072
4.5800517336
2.80215937618
1.27577772667
0.314289964814
0.000271404217492
0.214755800324
0.716202785235
1.23732602813
1.56898917117
1.60997711361
1.37497255145
0.966633409167
0.526484424813
0.183244987452
0.0143173741659
0.0298556454341
0.180652539109
0.383303932125
0.551945719583
0.626302968177
0.586890788481
0.455277201707
0.281045784192
0.121573338881
0.0221488104833
0.00263546970487
0.0543733026729
0.146393213468
0.238649088532
0.296288851335
0.300479130974
0.252817279599
0.172346371609
0.0872416987069
0.0243470211438
0.000127779015119
0.0165924601677
0.0618123528136
