3.11750531217
3.11674059081
3.11444773394
3.11063065909
3.10529588174
3.09845249474
3.09011213964
3.08028897015
3.0689996077
3.05626308954
3.04210080948
3.02653645158
3.00959591712
2.99130724521
2.97170052735
2.95080781636
2.92866303014
2.90530185061
2.88076161836
2.85508122344
2.82830099276
2.80046257466
2.77160882103
2.74178366756
2.71103201262
2.67939959519
2.64693287247
2.61367889746
2.57968519718
2.54499965183
2.50967037543
2.47374559838
2.43727355221
2.4003023571
2.36287991237
2.32505379044
2.28687113436
2.24837855946
2.20962205915
2.17064691527
2.13149761314
2.09221776138
2.05285001694
2.0134360151
1.97401630484
1.93463028947
1.89531617264
1.85611090969
1.81705016441
1.77816827113
1.73949820202
1.70107153971
1.66291845486
1.62506768888
1.58754654134
1.55038086222
1.51359504862
1.47721204581
1.44125335255
1.40573903026
1.37068771601
1.3361166391
1.30204164088
1.26847719772
1.23543644688
1.20293121499
1.17097204896
1.13956824907
1.10872790407
1.07845792802
1.04876409856
1.01965109665
0.99112254731
0.963181061289
0.935828277471
0.909064905796
