3.57627051637
3.57533680002
3.57253727214
3.56787679114
3.5613634377
3.55300848972
3.54282638751
3.53083468929
3.51705401717
3.50150799396
3.48422317097
3.46522894724
3.44455748045
3.42224359005
3.39832465287
3.37284049177
3.34583325787
3.31734730673
3.2874290691
3.25612691679
3.22349102423
3.18957322626
3.15442687279
3.11810668084
3.08066858471
3.04216958469
3.00266759504
2.9622212918
2.92088996093
2.87871956141
2.83579820172
2.79217183877
2.74791302449
2.70305672907
2.65767561475
2.61182913205
2.5655762044
2.51897510288
2.47208332585
2.42495748412
2.37765319167
2.33022496235
2.28272611265
2.23520867084
2.18772329256
2.140319183
2.09304402568
2.0459439181
1.99906331396
1.95237638132
1.90612680051
1.86015474009
1.81456263557
1.76938608872
1.72455977003
1.6803082248
1.63655724373
