513.558471063
513.427406033
513.034442475
512.380274226
511.466055182
510.293395546
508.864356616
507.18144412
505.247600138
503.066193653
500.641009768
497.976237648
495.076457246
491.94662487
488.592057664
485.018417078
481.231691394
477.238177406
473.044461326
468.657398996
464.084095522
459.331884385
454.408306149
449.321086848
444.078116131
438.687425284
433.157165195
427.495584358
421.711007006
415.81181146
409.806408761
403.703221674
397.510664146
391.237121262
384.890929795
378.480359391
372.013594451
365.49871677
358.943688967
352.356338752
345.744344072
339.115219158
332.476301509
325.834739819
319.197482879
312.57126945
305.962619119
299.377824144
292.822942269
286.303792592
279.825941775
273.394711254
267.015171578
260.692131798
254.430145016
248.233505755
242.106249978
236.052155897
230.0747455
224.177286793
218.362796697
212.63404456
206.993556251
201.443618791
195.986285472
190.623381431
185.356509632
180.187057208
175.116202136
170.144920194
165.273992156
160.504011198
155.835390474
151.268370818
146.803028542
142.439283307
