9.33666187856
9.32926332108
9.30711024651
9.27032998009
9.21913317756
9.15381156384
9.07473460434
8.98234576849
8.87715764315
8.75974658133
8.63074673089
8.49084357928
8.34076711551
8.1812852945
8.01319440602
7.83731525803
7.65448347557
7.46554290649
7.2713386493
7.07271038392
6.87048607836
6.66547613442
6.45846802433
6.25022146003
6.04146412468
5.83288798611
5.62514620057
5.41885060589
5.21456979362
5.012827742
4.81410298395
4.61882827875
4.42739075055
4.24013245365
4.057351321
3.87930245131
3.70619968903
3.53821745163
3.37549275949
3.21812742555
3.06619036359
2.91971997692
2.77872659218
2.64319490604
2.51308641618
2.38834181109
2.26888329701
2.15461684343
2.04543433202
1.94121559688
1.84183034678
1.74713996307
1.65699916888
1.57125756768
1.4897610513
1.4123530787
1.33887582861
