94.7393054676
88.6974818645
73.1125479835
54.0988800523
37.8925634563
27.8033732622
23.4121811466
22.0665779598
21.175916047
19.6183825539
17.6444818182
15.9077520511
14.6704200406
13.7191030481
12.753500044
11.705766297
10.7144589581
9.90048998168
9.23680535452
8.61464983061
7.97796105817
7.36358822842
6.82976458129
6.38047434203
5.96938094779
5.56004978636
5.16140988048
4.80409043138
4.4974362372
4.22006136254
3.94826677561
3.68195214326
3.43818797862
3.22605829458
3.03554087748
2.85100794224
2.66930050202
2.50013630472
2.35126395535
2.21827729258
2.09070042958
1.96455245049
1.84539684521
1.73941825313
1.64511107789
1.55551410576
1.4666254108
1.38149240083
1.3049794422
1.23714543309
1.17325129432
1.10976408052
1.04814500516
0.992144460615
0.942615378354
0.896428444989
0.850529364557
