5.4370368477
5.43480154456
5.42810186006
5.41695643759
5.40139624526
5.38146442037
5.35721605334
5.32871791266
5.29604811291
5.25929572835
5.21856035484
5.17395162336
5.12558866864
5.07359955671
5.01812067543
4.95929609236
4.89727688436
4.83222044358
4.76428976452
4.69365271689
4.62048130905
4.54495094678
4.46723969189
4.38752752541
4.30599561957
4.2228256229
4.13819896228
4.05229616596
3.96529621071
3.87737589655
3.78870925187
3.69946697142
3.60981588961
3.51991849086
3.4299324586
3.34001026429
3.25029879706
3.16093903492
3.07206575737
2.98380729976
2.8962853486
2.80961477762
2.72390352337
2.63925249933
2.55575554724
2.47349942405
2.3925638227
2.31302142506
2.23493798483
2.15837243849
2.08337704194
2.00999753087
1.93827330231
1.86823761529
1.79991780831
1.73333553127
1.66850698982
